	14.0	15.0	16.0	17.0	18.0	19.0	20.0	21.0	22.0	23.0	24.0	25.0	26.0	27.0	28.0	29.0	30.0	31.0	32.0	33.0	34.0	35.0	36.0	37.0	38.0	39.0	40.0
lane7-s014-indexRPI2-CGATGT-YZ5-1-NEXTFLEXRapidXP_S14_L007_R1_001	1.0	9.0	44.0	104.0	225.0	406.0	756.0	1360.0	2321.0	3649.0	5752.0	8749.0	16723.0	21356.0	23128.0	29128.0	36462.0	44852.0	53879.0	64282.0	77816.0	94320.0	118980.0	160770.0	248449.0	537218.0	2073906.0
	14.0	15.0	16.0	17.0	18.0	19.0	20.0	21.0	22.0	23.0	24.0	25.0	26.0	27.0	28.0	29.0	30.0	31.0	32.0	33.0	34.0	35.0	36.0	37.0	38.0	39.0	40.0
lane7-s015-indexRPI4-TGACCA-YZ5-2-NEXTFLEXRapidXP_S15_L007_R1_001	4.0	14.0	68.0	117.0	273.0	517.0	946.0	1671.0	2614.0	4353.0	6824.0	10090.0	15903.0	21417.0	26502.0	34200.0	42244.0	51653.0	61975.0	73987.0	88888.0	108102.0	136735.0	185317.0	287755.0	623629.0	2274829.0
	15.0	16.0	17.0	18.0	19.0	20.0	21.0	22.0	23.0	24.0	25.0	26.0	27.0	28.0	29.0	30.0	31.0	32.0	33.0	34.0	35.0	36.0	37.0	38.0	39.0	40.0
lane7-s016-indexRPI5-ACAGTG-YZ5-3-NEXTFLEXRapidXP_S16_L007_R1_001	8.0	44.0	109.0	233.0	408.0	769.0	1271.0	2039.0	3418.0	5261.0	7854.0	13241.0	17035.0	19912.0	25211.0	31492.0	37750.0	44895.0	54251.0	65361.0	79563.0	101244.0	138739.0	218227.0	462061.0	1447165.0
	14.0	15.0	16.0	17.0	18.0	19.0	20.0	21.0	22.0	23.0	24.0	25.0	26.0	27.0	28.0	29.0	30.0	31.0	32.0	33.0	34.0	35.0	36.0	37.0	38.0	39.0	40.0
lane7-s017-indexRPI6-GCCAAT-YZ5-4-NEXTFLEXRapidXP_S17_L007_R1_001	2.0	8.0	36.0	101.0	180.0	360.0	697.0	1157.0	1938.0	3070.0	4848.0	7238.0	14750.0	18877.0	17910.0	22423.0	27291.0	32866.0	39773.0	48114.0	57038.0	69748.0	87619.0	117799.0	182513.0	395579.0	1500226.0
	14.0	15.0	16.0	17.0	18.0	19.0	20.0	21.0	22.0	23.0	24.0	25.0	26.0	27.0	28.0	29.0	30.0	31.0	32.0	33.0	34.0	35.0	36.0	37.0	38.0	39.0	40.0
lane7-s018-indexRPI7-CAGATC-YZ5-5-NEXTFLEXRapidXP_S18_L007_R1_001	2.0	4.0	26.0	71.0	146.0	279.0	466.0	843.0	1387.0	2402.0	3832.0	5955.0	9826.0	12881.0	15099.0	19891.0	24386.0	30186.0	36516.0	43919.0	53370.0	65764.0	82697.0	111204.0	169842.0	367395.0	1609596.0
	14.0	15.0	16.0	17.0	18.0	19.0	20.0	21.0	22.0	23.0	24.0	25.0	26.0	27.0	28.0	29.0	30.0	31.0	32.0	33.0	34.0	35.0	36.0	37.0	38.0	39.0	40.0
lane7-s019-indexRPI12-CTTGTA-ACR-134-1-NEXTFLEXRapidXP_S19_L007_R1_001	3.0	19.0	52.0	130.0	294.0	521.0	1097.0	1954.0	2927.0	4606.0	6862.0	9563.0	17152.0	19974.0	18827.0	22201.0	26679.0	31799.0	37158.0	44218.0	52148.0	62746.0	76362.0	98678.0	143067.0	282076.0	1110526.0
	15.0	16.0	17.0	18.0	19.0	20.0	21.0	22.0	23.0	24.0	25.0	26.0	27.0	28.0	29.0	30.0	31.0	32.0	33.0	34.0	35.0	36.0	37.0	38.0	39.0	40.0
lane7-s020-indexRPI1-ATCACG-ACR-134-2-NEXTFLEXRapidXP_S20_L007_R1_001	3.0	13.0	61.0	254.0	637.0	1437.0	2797.0	4627.0	7113.0	10151.0	14239.0	18722.0	22966.0	27672.0	32202.0	37677.0	43908.0	52712.0	62971.0	78508.0	101171.0	137638.0	193785.0	275706.0	362357.0	187148.0
	14.0	15.0	16.0	17.0	18.0	19.0	20.0	21.0	22.0	23.0	24.0	25.0	26.0	27.0	28.0	29.0	30.0	31.0	32.0	33.0	34.0	35.0	36.0	37.0	38.0	39.0	40.0
lane7-s021-index-TTAGGC-ACR-134-3-NEXTFLEXRapidXP_S21_L007_R1_001	1.0	17.0	33.0	150.0	259.0	544.0	1120.0	2032.0	3178.0	5021.0	7391.0	10051.0	15134.0	17270.0	18127.0	22567.0	25754.0	29264.0	34436.0	40017.0	47401.0	56270.0	69369.0	89739.0	129199.0	256361.0	1040133.0
	14.0	15.0	16.0	17.0	18.0	19.0	20.0	21.0	22.0	23.0	24.0	25.0	26.0	27.0	28.0	29.0	30.0	31.0	32.0	33.0	34.0	35.0	36.0	37.0	38.0	39.0	40.0
lane7-s022-indexRPI8-ACTTGA-ACR-134-4-NEXTFLEXRapidXP_S22_L007_R1_001	1.0	17.0	53.0	121.0	227.0	471.0	874.0	1526.0	2506.0	3822.0	5504.0	7814.0	18908.0	20604.0	14902.0	17647.0	20068.0	23069.0	26630.0	31431.0	36998.0	43950.0	53864.0	68806.0	99497.0	195020.0	788126.0
	12.0	13.0	14.0	15.0	16.0	17.0	18.0	19.0	20.0	21.0	22.0	23.0	24.0	25.0	26.0	27.0	28.0	29.0	30.0	31.0	32.0	33.0	34.0	35.0	36.0	37.0	38.0	39.0	40.0
lane7-s023-indexRPI9-GATCAG-ACR-134-5-NEXTFLEXRapidXP_S23_L007_R1_001	1.0	0.0	2.0	6.0	22.0	87.0	191.0	340.0	657.0	1300.0	2209.0	3388.0	5102.0	7423.0	16370.0	19068.0	17003.0	20526.0	24679.0	29526.0	35071.0	42093.0	50325.0	60859.0	75648.0	97847.0	143814.0	288496.0	1137441.0
	14.0	15.0	16.0	17.0	18.0	19.0	20.0	21.0	22.0	23.0	24.0	25.0	26.0	27.0	28.0	29.0	30.0	31.0	32.0	33.0	34.0	35.0	36.0	37.0	38.0	39.0	40.0
lane7-s024-indexRPI10-TAGCTT-SHI-Plate1-A1-1-NEXTFLEXRapidXP_S24_L007_R1_001	2.0	12.0	65.0	189.0	430.0	817.0	1436.0	2525.0	4144.0	6283.0	9262.0	13659.0	23958.0	31692.0	35424.0	44917.0	55911.0	68795.0	82490.0	98793.0	118321.0	145807.0	185013.0	250470.0	388498.0	828446.0	2611278.0
	15.0	16.0	17.0	18.0	19.0	20.0	21.0	22.0	23.0	24.0	25.0	26.0	27.0	28.0	29.0	30.0	31.0	32.0	33.0	34.0	35.0	36.0	37.0	38.0	39.0	40.0
lane7-s025-indexRPI11-GGCTAC-SHI-Plate1-A1-2-NEXTFLEXRapidXP_S25_L007_R1_001	6.0	48.0	173.0	370.0	822.0	1426.0	2440.0	3994.0	5890.0	8975.0	12939.0	19362.0	26006.0	32050.0	40672.0	49871.0	60297.0	71792.0	85487.0	101846.0	124465.0	158365.0	216637.0	338806.0	707592.0	1883566.0
	14.0	15.0	16.0	17.0	18.0	19.0	20.0	21.0	22.0	23.0	24.0	25.0	26.0	27.0	28.0	29.0	30.0	31.0	32.0	33.0	34.0	35.0	36.0	37.0	38.0	39.0	40.0
lane7-s026-indexRPI25-ACTGAT-SHI-Plate1-A1-3-NEXTFLEXRapidXP_S26_L007_R1_001	3.0	6.0	49.0	142.0	368.0	809.0	1450.0	2572.0	4047.0	6198.0	9319.0	13671.0	24285.0	32446.0	34359.0	42640.0	52463.0	63140.0	75825.0	90319.0	108017.0	131330.0	166609.0	224052.0	346039.0	728356.0	2333508.0
	14.0	15.0	16.0	17.0	18.0	19.0	20.0	21.0	22.0	23.0	24.0	25.0	26.0	27.0	28.0	29.0	30.0	31.0	32.0	33.0	34.0	35.0	36.0	37.0	38.0	39.0	40.0
lane7-s027-indexRPI26-ATGAGC-SHI-Plate1-A1-4-NEXTFLEXRapidXP_S27_L007_R1_001	3.0	11.0	55.0	159.0	368.0	782.0	1315.0	2159.0	3382.0	5154.0	7695.0	11019.0	20257.0	25441.0	26198.0	32427.0	39460.0	48147.0	57044.0	67400.0	80457.0	98423.0	123550.0	166515.0	256740.0	538095.0	1585015.0
	15.0	16.0	17.0	18.0	19.0	20.0	21.0	22.0	23.0	24.0	25.0	26.0	27.0	28.0	29.0	30.0	31.0	32.0	33.0	34.0	35.0	36.0	37.0	38.0	39.0	40.0
lane7-s028-indexRPI27-ATTCCT-SHI-Plate1-A1-5-NEXTFLEXRapidXP_S28_L007_R1_001	11.0	31.0	97.0	194.0	466.0	886.0	1495.0	2503.0	4067.0	6080.0	9032.0	15215.0	20675.0	24563.0	31418.0	39225.0	48964.0	59236.0	71609.0	86614.0	105580.0	134169.0	182365.0	281553.0	614130.0	2192830.0
	14.0	15.0	16.0	17.0	18.0	19.0	20.0	21.0	22.0	23.0	24.0	25.0	26.0	27.0	28.0	29.0	30.0	31.0	32.0	33.0	34.0	35.0	36.0	37.0	38.0	39.0	40.0
lane7-s029-indexRPI28-CAAAAG-Mock-1-NEXTFLEXRapidXP_S29_L007_R1_001	1.0	9.0	48.0	135.0	314.0	617.0	1168.0	1973.0	3053.0	4770.0	7388.0	11129.0	27669.0	32752.0	29163.0	34945.0	42567.0	52008.0	62086.0	73766.0	88070.0	108347.0	137217.0	187581.0	293812.0	618855.0	1831716.0
	14.0	15.0	16.0	17.0	18.0	19.0	20.0	21.0	22.0	23.0	24.0	25.0	26.0	27.0	28.0	29.0	30.0	31.0	32.0	33.0	34.0	35.0	36.0	37.0	38.0	39.0	40.0
lane7-s030-indexRPI29-CAACTA-Mock-2-NEXTFLEXRapidXP_S30_L007_R1_001	2.0	16.0	51.0	129.0	300.0	557.0	976.0	1623.0	2667.0	4177.0	6727.0	10281.0	19920.0	25704.0	27202.0	34743.0	42876.0	53092.0	64272.0	76818.0	92121.0	112638.0	143206.0	193881.0	299187.0	644310.0	2330560.0
	14.0	15.0	16.0	17.0	18.0	19.0	20.0	21.0	22.0	23.0	24.0	25.0	26.0	27.0	28.0	29.0	30.0	31.0	32.0	33.0	34.0	35.0	36.0	37.0	38.0	39.0	40.0
lane7-s031-indexRPI30-CACCGG-Mock-3-NEXTFLEXRapidXP_S31_L007_R1_001	1.0	10.0	50.0	108.0	250.0	527.0	937.0	1679.0	2776.0	4548.0	7199.0	10649.0	17565.0	22621.0	28195.0	36269.0	44730.0	54393.0	65659.0	78085.0	93596.0	114602.0	145733.0	199122.0	312366.0	666065.0	2046384.0
	15.0	16.0	17.0	18.0	19.0	20.0	21.0	22.0	23.0	24.0	25.0	26.0	27.0	28.0	29.0	30.0	31.0	32.0	33.0	34.0	35.0	36.0	37.0	38.0	39.0	40.0
lane7-s032-indexRPI31-CACGAT-Mock-4-NEXTFLEXRapidXP_S32_L007_R1_001	4.0	23.0	88.0	268.0	528.0	1035.0	1946.0	3310.0	5493.0	8577.0	13203.0	21898.0	30763.0	35642.0	44973.0	55807.0	67576.0	82016.0	96993.0	116273.0	142275.0	179743.0	243582.0	377094.0	807961.0	2654608.0
	15.0	16.0	17.0	18.0	19.0	20.0	21.0	22.0	23.0	24.0	25.0	26.0	27.0	28.0	29.0	30.0	31.0	32.0	33.0	34.0	35.0	36.0	37.0	38.0	39.0	40.0
lane7-s033-indexRPI32-CACTCA-Mock-5-NEXTFLEXRapidXP_S33_L007_R1_001	4.0	18.0	76.0	160.0	335.0	645.0	1122.0	1977.0	3330.0	5321.0	8708.0	13864.0	19670.0	25667.0	34293.0	43936.0	54943.0	67631.0	81771.0	99843.0	124145.0	156650.0	214239.0	334142.0	729595.0	2951665.0
	14.0	15.0	16.0	17.0	18.0	19.0	20.0	21.0	22.0	23.0	24.0	25.0	26.0	27.0	28.0	29.0	30.0	31.0	32.0	33.0	34.0	35.0	36.0	37.0	38.0	39.0	40.0
lane7-s097-index-TTGGAATG-YZ5-1-plexWell96-1_S97_L007_R1_001	1.0	0.0	3.0	8.0	11.0	46.0	77.0	147.0	248.0	406.0	680.0	1102.0	1645.0	2140.0	3074.0	3904.0	5103.0	6210.0	7375.0	8808.0	10557.0	13159.0	17036.0	22872.0	34610.0	74722.0	298119.0
	16.0	17.0	18.0	19.0	20.0	21.0	22.0	23.0	24.0	25.0	26.0	27.0	28.0	29.0	30.0	31.0	32.0	33.0	34.0	35.0	36.0	37.0	38.0	39.0	40.0
lane7-s098-index-GGGACAAC-YZ5-2-plexWell96-2_S98_L007_R1_001	2.0	9.0	25.0	45.0	104.0	180.0	271.0	509.0	871.0	1339.0	2099.0	2929.0	3849.0	5044.0	6273.0	7944.0	9753.0	11821.0	13951.0	17144.0	22152.0	29875.0	45285.0	97051.0	382186.0
	16.0	17.0	18.0	19.0	20.0	21.0	22.0	23.0	24.0	25.0	26.0	27.0	28.0	29.0	30.0	31.0	32.0	33.0	34.0	35.0	36.0	37.0	38.0	39.0	40.0
lane7-s099-index-GCTGGATC-YZ5-3-plexWell96-3_S99_L007_R1_001	3.0	10.0	23.0	42.0	109.0	188.0	346.0	613.0	993.0	1541.0	2314.0	3322.0	4478.0	5904.0	7571.0	9083.0	11162.0	13412.0	16357.0	20115.0	25734.0	35074.0	53467.0	113544.0	449424.0
	16.0	17.0	18.0	19.0	20.0	21.0	22.0	23.0	24.0	25.0	26.0	27.0	28.0	29.0	30.0	31.0	32.0	33.0	34.0	35.0	36.0	37.0	38.0	39.0	40.0
lane7-s100-index-ACACTCAA-YZ5-4-plexWell96-4_S100_L007_R1_001	4.0	3.0	10.0	21.0	31.0	77.0	154.0	264.0	435.0	731.0	1057.0	1474.0	2073.0	2578.0	3491.0	4403.0	5292.0	6310.0	7602.0	9230.0	12219.0	16330.0	24517.0	52229.0	219725.0
	15.0	16.0	17.0	18.0	19.0	20.0	21.0	22.0	23.0	24.0	25.0	26.0	27.0	28.0	29.0	30.0	31.0	32.0	33.0	34.0	35.0	36.0	37.0	38.0	39.0	40.0
lane7-s101-index-ACTAGCTA-YZ5-5-plexWell96-5_S101_L007_R1_001	2.0	0.0	3.0	16.0	48.0	86.0	175.0	328.0	551.0	884.0	1449.0	2231.0	3050.0	4076.0	5475.0	6853.0	8495.0	10148.0	11948.0	14805.0	18162.0	23364.0	31585.0	47532.0	100888.0	407036.0
	15.0	16.0	17.0	18.0	19.0	20.0	21.0	22.0	23.0	24.0	25.0	26.0	27.0	28.0	29.0	30.0	31.0	32.0	33.0	34.0	35.0	36.0	37.0	38.0	39.0	40.0
lane7-s102-index-GATGATTG-ACR-134-1-plexWell96-6_S102_L007_R1_001	1.0	11.0	15.0	44.0	95.0	210.0	388.0	614.0	1127.0	1632.0	2482.0	3417.0	4510.0	6059.0	7741.0	9579.0	11759.0	13984.0	16748.0	19944.0	24146.0	30443.0	40895.0	60260.0	122757.0	534113.0
	14.0	15.0	16.0	17.0	18.0	19.0	20.0	21.0	22.0	23.0	24.0	25.0	26.0	27.0	28.0	29.0	30.0	31.0	32.0	33.0	34.0	35.0	36.0	37.0	38.0	39.0	40.0
lane7-s103-index-GCAATCTT-ACR-134-2-plexWell96-7_S103_L007_R1_001	1.0	1.0	3.0	10.0	30.0	80.0	168.0	348.0	591.0	950.0	1444.0	2192.0	2948.0	4133.0	5361.0	7136.0	8813.0	10940.0	13186.0	15535.0	19095.0	23352.0	29278.0	39127.0	57267.0	114705.0	514793.0
	16.0	17.0	18.0	19.0	20.0	21.0	22.0	23.0	24.0	25.0	26.0	27.0	28.0	29.0	30.0	31.0	32.0	33.0	34.0	35.0	36.0	37.0	38.0	39.0	40.0
lane7-s104-index-AGAGTGTC-ACR-134-3-plexWell96-8_S104_L007_R1_001	1.0	3.0	3.0	21.0	56.0	107.0	192.0	297.0	413.0	606.0	892.0	1181.0	1673.0	2028.0	2585.0	3152.0	3817.0	4588.0	5525.0	6706.0	8689.0	11211.0	16822.0	33652.0	145333.0
	14.0	15.0	16.0	17.0	18.0	19.0	20.0	21.0	22.0	23.0	24.0	25.0	26.0	27.0	28.0	29.0	30.0	31.0	32.0	33.0	34.0	35.0	36.0	37.0	38.0	39.0	40.0
lane7-s105-index-TTAATGCG-ACR-134-4-plexWell96-9_S105_L007_R1_001	1.0	0.0	2.0	10.0	23.0	57.0	156.0	325.0	625.0	932.0	1454.0	2138.0	2970.0	4065.0	5182.0	6576.0	7724.0	9425.0	11168.0	13479.0	15899.0	20002.0	26604.0	38588.0	64403.0	136300.0	182693.0
	15.0	16.0	17.0	18.0	19.0	20.0	21.0	22.0	23.0	24.0	25.0	26.0	27.0	28.0	29.0	30.0	31.0	32.0	33.0	34.0	35.0	36.0	37.0	38.0	39.0	40.0
lane7-s106-index-TCCTATAT-ACR-134-5-plexWell96-10_S106_L007_R1_001	1.0	4.0	12.0	40.0	94.0	233.0	444.0	785.0	1357.0	1942.0	2953.0	4043.0	5685.0	7537.0	9417.0	11984.0	14721.0	17710.0	21299.0	25639.0	31164.0	39563.0	52644.0	76855.0	151995.0	692391.0
	16.0	17.0	18.0	19.0	20.0	21.0	22.0	23.0	24.0	25.0	26.0	27.0	28.0	29.0	30.0	31.0	32.0	33.0	34.0	35.0	36.0	37.0	38.0	39.0	40.0
lane7-s107-index-CCATATCC-SHI-Plate1-A1-1-plexWell96-11_S107_L007_R1_001	15.0	20.0	66.0	146.0	286.0	539.0	869.0	1400.0	2199.0	3429.0	5099.0	7221.0	9426.0	12322.0	15353.0	18948.0	22543.0	27155.0	32937.0	41053.0	52730.0	69623.0	104302.0	219675.0	682078.0
	15.0	16.0	17.0	18.0	19.0	20.0	21.0	22.0	23.0	24.0	25.0	26.0	27.0	28.0	29.0	30.0	31.0	32.0	33.0	34.0	35.0	36.0	37.0	38.0	39.0	40.0
lane7-s108-index-AGCCGACG-SHI-Plate1-A1-2-plexWell96-12_S108_L007_R1_001	1.0	1.0	20.0	45.0	137.0	326.0	555.0	916.0	1581.0	2189.0	3084.0	4148.0	5260.0	6604.0	7820.0	9416.0	11086.0	13064.0	15923.0	20049.0	26080.0	35191.0	49219.0	69412.0	97256.0	62637.0
	14.0	15.0	16.0	17.0	18.0	19.0	20.0	21.0	22.0	23.0	24.0	25.0	26.0	27.0	28.0	29.0	30.0	31.0	32.0	33.0	34.0	35.0	36.0	37.0	38.0	39.0	40.0
lane7-s109-index-CGAATTCA-SHI-Plate1-A1-3-plexWell96-13_S109_L007_R1_001	1.0	0.0	5.0	16.0	29.0	108.0	195.0	356.0	576.0	977.0	1468.0	2319.0	3303.0	4748.0	6183.0	7926.0	9681.0	12207.0	14547.0	17287.0	20961.0	26510.0	34609.0	47927.0	74689.0	155760.0	335628.0
	15.0	16.0	17.0	18.0	19.0	20.0	21.0	22.0	23.0	24.0	25.0	26.0	27.0	28.0	29.0	30.0	31.0	32.0	33.0	34.0	35.0	36.0	37.0	38.0	39.0	40.0
lane7-s110-index-GTCAGACC-SHI-Plate1-A1-4-plexWell96-14_S110_L007_R1_001	1.0	3.0	16.0	60.0	133.0	262.0	505.0	923.0	1422.0	2311.0	3650.0	5157.0	7047.0	9265.0	11850.0	14350.0	17437.0	21054.0	24955.0	30441.0	37994.0	49641.0	69009.0	107713.0	222996.0	448575.0
	15.0	16.0	17.0	18.0	19.0	20.0	21.0	22.0	23.0	24.0	25.0	26.0	27.0	28.0	29.0	30.0	31.0	32.0	33.0	34.0	35.0	36.0	37.0	38.0	39.0	40.0
lane7-s111-index-CATTGCCT-SHI-Plate1-A1-5-plexWell96-15_S111_L007_R1_001	3.0	6.0	12.0	46.0	90.0	183.0	349.0	556.0	1022.0	1540.0	2268.0	3285.0	4542.0	6082.0	7814.0	9597.0	11879.0	14217.0	16929.0	20580.0	25848.0	32954.0	44082.0	65963.0	136242.0	412067.0
	16.0	17.0	18.0	19.0	20.0	21.0	22.0	23.0	24.0	25.0	26.0	27.0	28.0	29.0	30.0	31.0	32.0	33.0	34.0	35.0	36.0	37.0	38.0	39.0	40.0
lane7-s112-index-TAACCGCA-Mock-1-plexWell96-16_S112_L007_R1_001	1.0	12.0	15.0	52.0	123.0	224.0	368.0	665.0	1140.0	1707.0	2634.0	3786.0	4908.0	6780.0	8474.0	10406.0	12637.0	15252.0	18473.0	22837.0	29091.0	39427.0	59832.0	128131.0	524402.0
	15.0	16.0	17.0	18.0	19.0	20.0	21.0	22.0	23.0	24.0	25.0	26.0	27.0	28.0	29.0	30.0	31.0	32.0	33.0	34.0	35.0	36.0	37.0	38.0	39.0	40.0
lane7-s113-index-GCGCGAAG-Mock-2-plexWell96-17_S113_L007_R1_001	2.0	0.0	5.0	14.0	29.0	60.0	120.0	205.0	334.0	545.0	904.0	1292.0	1859.0	2606.0	3292.0	4286.0	5186.0	6544.0	7632.0	9468.0	11450.0	14607.0	19792.0	30081.0	64237.0	247933.0
	14.0	15.0	16.0	17.0	18.0	19.0	20.0	21.0	22.0	23.0	24.0	25.0	26.0	27.0	28.0	29.0	30.0	31.0	32.0	33.0	34.0	35.0	36.0	37.0	38.0	39.0	40.0
lane7-s114-index-AACACGTG-Mock-3-plexWell96-18_S114_L007_R1_001	1.0	0.0	13.0	12.0	47.0	88.0	167.0	329.0	559.0	998.0	1629.0	2501.0	3705.0	5317.0	7490.0	9661.0	12291.0	15342.0	18086.0	22153.0	26395.0	32812.0	42010.0	56235.0	85387.0	184443.0	731201.0
	15.0	16.0	17.0	18.0	19.0	20.0	21.0	22.0	23.0	24.0	25.0	26.0	27.0	28.0	29.0	30.0	31.0	32.0	33.0	34.0	35.0	36.0	37.0	38.0	39.0	40.0
lane7-s115-index-GTAGTCAC-Mock-4-plexWell96-19_S115_L007_R1_001	1.0	3.0	14.0	24.0	45.0	103.0	217.0	392.0	655.0	1059.0	1719.0	2530.0	3743.0	5116.0	6659.0	8503.0	10574.0	12790.0	15402.0	18574.0	22977.0	29538.0	39552.0	59793.0	128703.0	541574.0
	15.0	16.0	17.0	18.0	19.0	20.0	21.0	22.0	23.0	24.0	25.0	26.0	27.0	28.0	29.0	30.0	31.0	32.0	33.0	34.0	35.0	36.0	37.0	38.0	39.0	40.0
lane7-s116-index-GAGTTCTC-Mock-5-plexWell96-20_S116_L007_R1_001	2.0	6.0	21.0	51.0	109.0	245.0	438.0	798.0	1252.0	2041.0	3246.0	4988.0	7379.0	10385.0	14120.0	18525.0	23813.0	29729.0	37484.0	46644.0	59796.0	78726.0	108824.0	170667.0	378369.0	1363835.0
	16.0	17.0	18.0	19.0	20.0	21.0	22.0	23.0	24.0	25.0	26.0	27.0	28.0	29.0	30.0	31.0	32.0	33.0	34.0	35.0	36.0	37.0	38.0	39.0	40.0
lane7-s117-index-GTGAGGAA-YZ5-1-plexWell96-21_S117_L007_R1_001	2.0	5.0	12.0	40.0	70.0	134.0	236.0	442.0	741.0	1172.0	1669.0	2349.0	3174.0	4244.0	5292.0	6712.0	7915.0	9691.0	11586.0	14607.0	18920.0	25398.0	38905.0	82411.0	327444.0
	14.0	15.0	16.0	17.0	18.0	19.0	20.0	21.0	22.0	23.0	24.0	25.0	26.0	27.0	28.0	29.0	30.0	31.0	32.0	33.0	34.0	35.0	36.0	37.0	38.0	39.0	40.0
lane7-s118-index-GATTCGTA-YZ5-2-plexWell96-22_S118_L007_R1_001	1.0	1.0	1.0	4.0	19.0	59.0	81.0	165.0	268.0	464.0	779.0	1214.0	1856.0	2643.0	3622.0	4852.0	6174.0	7587.0	9199.0	11205.0	13422.0	16795.0	21543.0	29671.0	44851.0	95182.0	385122.0
	12.0	13.0	14.0	15.0	16.0	17.0	18.0	19.0	20.0	21.0	22.0	23.0	24.0	25.0	26.0	27.0	28.0	29.0	30.0	31.0	32.0	33.0	34.0	35.0	36.0	37.0	38.0	39.0	40.0
lane7-s119-index-GATGCAAT-YZ5-3-plexWell96-23_S119_L007_R1_001	1.0	0.0	0.0	1.0	3.0	5.0	29.0	48.0	103.0	208.0	342.0	587.0	1005.0	1601.0	2410.0	3471.0	4753.0	6054.0	7651.0	9460.0	11520.0	13922.0	16658.0	20382.0	26194.0	35435.0	53705.0	113873.0	478563.0
	15.0	16.0	17.0	18.0	19.0	20.0	21.0	22.0	23.0	24.0	25.0	26.0	27.0	28.0	29.0	30.0	31.0	32.0	33.0	34.0	35.0	36.0	37.0	38.0	39.0	40.0
lane7-s120-index-ACACGGTT-YZ5-4-plexWell96-24_S120_L007_R1_001	1.0	1.0	8.0	17.0	39.0	75.0	141.0	287.0	507.0	825.0	1393.0	2058.0	2925.0	4052.0	5348.0	6865.0	8452.0	10103.0	12354.0	15046.0	18620.0	24149.0	32347.0	49438.0	106627.0	426598.0
	16.0	17.0	18.0	19.0	20.0	21.0	22.0	23.0	24.0	25.0	26.0	27.0	28.0	29.0	30.0	31.0	32.0	33.0	34.0	35.0	36.0	37.0	38.0	39.0	40.0
lane7-s121-index-GAGGCTGC-YZ5-5-plexWell96-25_S121_L007_R1_001	2.0	15.0	39.0	90.0	172.0	370.0	675.0	1100.0	1780.0	2853.0	4189.0	5906.0	7911.0	10242.0	12846.0	15484.0	19074.0	22754.0	27253.0	33751.0	43783.0	58824.0	89628.0	192883.0	691894.0
	15.0	16.0	17.0	18.0	19.0	20.0	21.0	22.0	23.0	24.0	25.0	26.0	27.0	28.0	29.0	30.0	31.0	32.0	33.0	34.0	35.0	36.0	37.0	38.0	39.0	40.0
lane7-s122-index-ACAGTTCG-ACR-134-1-plexWell96-26_S122_L007_R1_001	1.0	3.0	12.0	38.0	97.0	216.0	470.0	877.0	1343.0	2057.0	3043.0	4205.0	5837.0	7556.0	9585.0	11660.0	14025.0	16552.0	20085.0	24204.0	30285.0	39914.0	57947.0	97145.0	201508.0	263890.0
	15.0	16.0	17.0	18.0	19.0	20.0	21.0	22.0	23.0	24.0	25.0	26.0	27.0	28.0	29.0	30.0	31.0	32.0	33.0	34.0	35.0	36.0	37.0	38.0	39.0	40.0
lane7-s123-index-CGGAGATA-ACR-134-2-plexWell96-27_S123_L007_R1_001	2.0	3.0	9.0	33.0	77.0	155.0	318.0	577.0	962.0	1383.0	2033.0	2727.0	3848.0	5103.0	6792.0	8344.0	10013.0	12129.0	14665.0	17462.0	21600.0	27497.0	37521.0	57137.0	120224.0	399922.0
	16.0	17.0	18.0	19.0	20.0	21.0	22.0	23.0	24.0	25.0	26.0	27.0	28.0	29.0	30.0	31.0	32.0	33.0	34.0	35.0	36.0	37.0	38.0	39.0	40.0
lane7-s124-index-TCGCCAGC-ACR-134-3-plexWell96-28_S124_L007_R1_001	6.0	18.0	53.0	103.0	224.0	475.0	838.0	1362.0	2086.0	2898.0	4256.0	5704.0	7252.0	9250.0	11600.0	14002.0	16917.0	19967.0	24379.0	29216.0	36846.0	48649.0	71865.0	142385.0	641879.0
	17.0	18.0	19.0	20.0	21.0	22.0	23.0	24.0	25.0	26.0	27.0	28.0	29.0	30.0	31.0	32.0	33.0	34.0	35.0	36.0	37.0	38.0	39.0	40.0
lane7-s125-index-TGCACTGT-ACR-134-4-plexWell96-29_S125_L007_R1_001	9.0	15.0	42.0	98.0	193.0	337.0	543.0	892.0	1267.0	1783.0	2435.0	3124.0	4117.0	5054.0	6140.0	7354.0	8862.0	10425.0	12782.0	16447.0	21900.0	32335.0	64879.0	301590.0
	15.0	16.0	17.0	18.0	19.0	20.0	21.0	22.0	23.0	24.0	25.0	26.0	27.0	28.0	29.0	30.0	31.0	32.0	33.0	34.0	35.0	36.0	37.0	38.0	39.0	40.0
lane7-s126-index-GTACGCGA-ACR-134-5-plexWell96-30_S126_L007_R1_001	2.0	10.0	21.0	64.0	185.0	363.0	683.0	1245.0	2062.0	3140.0	4524.0	6216.0	8554.0	11199.0	14552.0	17988.0	21670.0	26170.0	30838.0	37244.0	45394.0	57203.0	76292.0	112541.0	225687.0	951466.0
	12.0	13.0	14.0	15.0	16.0	17.0	18.0	19.0	20.0	21.0	22.0	23.0	24.0	25.0	26.0	27.0	28.0	29.0	30.0	31.0	32.0	33.0	34.0	35.0	36.0	37.0	38.0	39.0	40.0
lane7-s127-index-CTATCCGG-SHI-Plate1-A1-1-plexWell96-31_S127_L007_R1_001	1.0	0.0	1.0	0.0	12.0	32.0	97.0	220.0	422.0	872.0	1349.0	2182.0	3310.0	5042.0	7144.0	9912.0	13092.0	16567.0	20800.0	25191.0	30178.0	35812.0	43617.0	54064.0	68026.0	91796.0	139262.0	295258.0	862208.0
	16.0	17.0	18.0	19.0	20.0	21.0	22.0	23.0	24.0	25.0	26.0	27.0	28.0	29.0	30.0	31.0	32.0	33.0	34.0	35.0	36.0	37.0	38.0	39.0	40.0
lane7-s128-index-CTTAGAGT-SHI-Plate1-A1-2-plexWell96-32_S128_L007_R1_001	12.0	19.0	61.0	165.0	309.0	520.0	990.0	1506.0	2385.0	3544.0	5175.0	7284.0	10047.0	12788.0	16136.0	20058.0	24297.0	29092.0	35289.0	44610.0	57012.0	76484.0	115482.0	247161.0	757523.0
	15.0	16.0	17.0	18.0	19.0	20.0	21.0	22.0	23.0	24.0	25.0	26.0	27.0	28.0	29.0	30.0	31.0	32.0	33.0	34.0	35.0	36.0	37.0	38.0	39.0	40.0
lane7-s129-index-CAAGGACC-SHI-Plate1-A1-3-plexWell96-33_S129_L007_R1_001	2.0	8.0	35.0	100.0	174.0	385.0	646.0	1091.0	1821.0	2847.0	4389.0	6436.0	9188.0	12174.0	15663.0	20000.0	24185.0	29055.0	34930.0	42552.0	53452.0	68164.0	91224.0	137097.0	291343.0	905904.0
	15.0	16.0	17.0	18.0	19.0	20.0	21.0	22.0	23.0	24.0	25.0	26.0	27.0	28.0	29.0	30.0	31.0	32.0	33.0	34.0	35.0	36.0	37.0	38.0	39.0	40.0
lane7-s130-index-AGACAGAG-SHI-Plate1-A1-4-plexWell96-34_S130_L007_R1_001	1.0	0.0	0.0	3.0	10.0	17.0	27.0	54.0	92.0	125.0	205.0	281.0	440.0	576.0	764.0	939.0	1098.0	1379.0	1692.0	2044.0	2552.0	3298.0	4403.0	6412.0	13760.0	49895.0
	15.0	16.0	17.0	18.0	19.0	20.0	21.0	22.0	23.0	24.0	25.0	26.0	27.0	28.0	29.0	30.0	31.0	32.0	33.0	34.0	35.0	36.0	37.0	38.0	39.0	40.0
lane7-s131-index-TCGGATCA-SHI-Plate1-A1-5-plexWell96-35_S131_L007_R1_001	1.0	1.0	13.0	31.0	69.0	95.0	196.0	362.0	567.0	854.0	1353.0	1902.0	2517.0	3323.0	4396.0	5583.0	6651.0	8130.0	9814.0	11649.0	14963.0	19213.0	25558.0	38358.0	77786.0	205253.0
	16.0	17.0	18.0	19.0	20.0	21.0	22.0	23.0	24.0	25.0	26.0	27.0	28.0	29.0	30.0	31.0	32.0	33.0	34.0	35.0	36.0	37.0	38.0	39.0	40.0
lane7-s132-index-TAATGGAC-Mock-1-plexWell96-36_S132_L007_R1_001	3.0	6.0	23.0	42.0	90.0	207.0	346.0	573.0	927.0	1442.0	2137.0	3149.0	4318.0	5586.0	7178.0	8975.0	10503.0	12768.0	15482.0	19309.0	24263.0	33046.0	49976.0	107758.0	453929.0
	15.0	16.0	17.0	18.0	19.0	20.0	21.0	22.0	23.0	24.0	25.0	26.0	27.0	28.0	29.0	30.0	31.0	32.0	33.0	34.0	35.0	36.0	37.0	38.0	39.0	40.0
lane7-s133-index-TAGCAACT-Mock-2-plexWell96-37_S133_L007_R1_001	1.0	7.0	10.0	18.0	40.0	103.0	197.0	382.0	664.0	1061.0	1647.0	2454.0	3566.0	4969.0	6572.0	8485.0	10348.0	12286.0	15231.0	18303.0	22472.0	28692.0	39177.0	60353.0	131620.0	505111.0
	16.0	17.0	18.0	19.0	20.0	21.0	22.0	23.0	24.0	25.0	26.0	27.0	28.0	29.0	30.0	31.0	32.0	33.0	34.0	35.0	36.0	37.0	38.0	39.0	40.0
lane7-s134-index-ATAGCACA-Mock-3-plexWell96-38_S134_L007_R1_001	2.0	11.0	14.0	37.0	72.0	167.0	275.0	510.0	805.0	1225.0	1882.0	2599.0	3656.0	4827.0	6085.0	7420.0	9199.0	11052.0	13032.0	16518.0	20999.0	28179.0	43057.0	92239.0	373465.0
	16.0	17.0	18.0	19.0	20.0	21.0	22.0	23.0	24.0	25.0	26.0	27.0	28.0	29.0	30.0	31.0	32.0	33.0	34.0	35.0	36.0	37.0	38.0	39.0	40.0
lane7-s135-index-ATCAACCG-Mock-4-plexWell96-39_S135_L007_R1_001	1.0	6.0	18.0	62.0	127.0	255.0	431.0	808.0	1237.0	2027.0	2943.0	3977.0	5002.0	6207.0	7665.0	9260.0	10959.0	13070.0	15916.0	20695.0	29003.0	42316.0	70406.0	135518.0	131239.0
	15.0	16.0	17.0	18.0	19.0	20.0	21.0	22.0	23.0	24.0	25.0	26.0	27.0	28.0	29.0	30.0	31.0	32.0	33.0	34.0	35.0	36.0	37.0	38.0	39.0	40.0
lane7-s136-index-TTCCTCAT-Mock-5-plexWell96-40_S136_L007_R1_001	2.0	6.0	18.0	45.0	103.0	240.0	393.0	768.0	1320.0	2153.0	3454.0	5440.0	7925.0	10900.0	14547.0	18657.0	23275.0	28544.0	34613.0	41906.0	52811.0	67555.0	91286.0	139893.0	300360.0	1214524.0
	15.0	16.0	17.0	18.0	19.0	20.0	21.0	22.0	23.0	24.0	25.0	26.0	27.0	28.0	29.0	30.0	31.0	32.0	33.0	34.0	35.0	36.0	37.0	38.0	39.0	40.0
lane7-s137-index-AGCTACGT-YZ5-1-plexWell96-41_S137_L007_R1_001	1.0	0.0	3.0	12.0	30.0	55.0	115.0	185.0	364.0	553.0	904.0	1366.0	1909.0	2574.0	3418.0	4235.0	5284.0	6394.0	7509.0	9137.0	11244.0	14628.0	19756.0	30567.0	65615.0	247504.0
	13.0	14.0	15.0	16.0	17.0	18.0	19.0	20.0	21.0	22.0	23.0	24.0	25.0	26.0	27.0	28.0	29.0	30.0	31.0	32.0	33.0	34.0	35.0	36.0	37.0	38.0	39.0	40.0
lane7-s138-index-ATTCCATC-YZ5-2-plexWell96-42_S138_L007_R1_001	1.0	0.0	0.0	2.0	3.0	20.0	37.0	63.0	140.0	244.0	418.0	639.0	1045.0	1676.0	2315.0	3086.0	4166.0	5191.0	6451.0	7927.0	9605.0	11487.0	14284.0	18577.0	25148.0	37818.0	80746.0	324818.0
	13.0	14.0	15.0	16.0	17.0	18.0	19.0	20.0	21.0	22.0	23.0	24.0	25.0	26.0	27.0	28.0	29.0	30.0	31.0	32.0	33.0	34.0	35.0	36.0	37.0	38.0	39.0	40.0
lane7-s139-index-GTTGTAGG-YZ5-3-plexWell96-43_S139_L007_R1_001	1.0	0.0	0.0	4.0	9.0	24.0	48.0	103.0	161.0	297.0	505.0	724.0	1234.0	1743.0	2446.0	3494.0	4256.0	5591.0	6757.0	8233.0	9934.0	11993.0	14681.0	18846.0	25441.0	38762.0	83943.0	332408.0
	15.0	16.0	17.0	18.0	19.0	20.0	21.0	22.0	23.0	24.0	25.0	26.0	27.0	28.0	29.0	30.0	31.0	32.0	33.0	34.0	35.0	36.0	37.0	38.0	39.0	40.0
lane7-s140-index-TGTGACTA-YZ5-4-plexWell96-44_S140_L007_R1_001	1.0	3.0	7.0	15.0	39.0	83.0	128.0	225.0	424.0	728.0	1049.0	1592.0	2384.0	3233.0	4145.0	5191.0	6616.0	7817.0	9301.0	11322.0	13852.0	18240.0	24669.0	36822.0	78949.0	332773.0
	14.0	15.0	16.0	17.0	18.0	19.0	20.0	21.0	22.0	23.0	24.0	25.0	26.0	27.0	28.0	29.0	30.0	31.0	32.0	33.0	34.0	35.0	36.0	37.0	38.0	39.0	40.0
lane7-s141-index-CGAAACGC-YZ5-5-plexWell96-45_S141_L007_R1_001	1.0	1.0	2.0	17.0	14.0	63.0	128.0	232.0	446.0	760.0	1288.0	1865.0	3013.0	4178.0	5595.0	7388.0	9080.0	11175.0	12942.0	15934.0	19449.0	24119.0	31306.0	43384.0	67314.0	148618.0	446409.0
	13.0	14.0	15.0	16.0	17.0	18.0	19.0	20.0	21.0	22.0	23.0	24.0	25.0	26.0	27.0	28.0	29.0	30.0	31.0	32.0	33.0	34.0	35.0	36.0	37.0	38.0	39.0	40.0
lane7-s142-index-GTGTGATT-ACR-134-1-plexWell96-46_S142_L007_R1_001	1.0	0.0	3.0	5.0	12.0	41.0	126.0	228.0	412.0	711.0	1176.0	1753.0	2656.0	3579.0	4999.0	6602.0	8692.0	10561.0	13088.0	15620.0	19022.0	22869.0	27856.0	35064.0	46842.0	68803.0	137958.0	629858.0
	16.0	17.0	18.0	19.0	20.0	21.0	22.0	23.0	24.0	25.0	26.0	27.0	28.0	29.0	30.0	31.0	32.0	33.0	34.0	35.0	36.0	37.0	38.0	39.0	40.0
lane7-s143-index-AGGCTGGA-ACR-134-2-plexWell96-47_S143_L007_R1_001	1.0	6.0	11.0	15.0	39.0	101.0	153.0	228.0	429.0	519.0	767.0	1047.0	1448.0	1719.0	2223.0	2629.0	3341.0	3962.0	4633.0	5632.0	7223.0	9747.0	14311.0	28850.0	132878.0
	17.0	18.0	19.0	20.0	21.0	22.0	23.0	24.0	25.0	26.0	27.0	28.0	29.0	30.0	31.0	32.0	33.0	34.0	35.0	36.0	37.0	38.0	39.0	40.0
lane7-s144-index-CGTGCTGG-ACR-134-3-plexWell96-48_S144_L007_R1_001	19.0	49.0	119.0	294.0	611.0	1026.0	1697.0	2611.0	3774.0	5093.0	6830.0	8739.0	11025.0	13892.0	16720.0	19893.0	23360.0	27901.0	33742.0	42405.0	57284.0	84742.0	175349.0	703041.0
	15.0	16.0	17.0	18.0	19.0	20.0	21.0	22.0	23.0	24.0	25.0	26.0	27.0	28.0	29.0	30.0	31.0	32.0	33.0	34.0	35.0	36.0	37.0	38.0	39.0	40.0
lane7-s145-index-AATAGGAT-ACR-134-4-plexWell96-49_S145_L007_R1_001	1.0	2.0	9.0	33.0	68.0	136.0	277.0	469.0	734.0	1099.0	1582.0	2363.0	3031.0	4170.0	5300.0	6487.0	8099.0	9793.0	11704.0	14122.0	17211.0	21752.0	29178.0	43095.0	86935.0	401000.0
	16.0	17.0	18.0	19.0	20.0	21.0	22.0	23.0	24.0	25.0	26.0	27.0	28.0	29.0	30.0	31.0	32.0	33.0	34.0	35.0	36.0	37.0	38.0	39.0	40.0
lane7-s146-index-CGTCTGCC-ACR-134-5-plexWell96-50_S146_L007_R1_001	7.0	17.0	42.0	125.0	277.0	527.0	967.0	1570.0	2450.0	3601.0	4970.0	6701.0	8866.0	11001.0	13554.0	16521.0	20039.0	23817.0	28304.0	34590.0	43366.0	57739.0	85201.0	169824.0	708353.0
	15.0	16.0	17.0	18.0	19.0	20.0	21.0	22.0	23.0	24.0	25.0	26.0	27.0	28.0	29.0	30.0	31.0	32.0	33.0	34.0	35.0	36.0	37.0	38.0	39.0	40.0
lane7-s147-index-GAATCTAG-SHI-Plate1-A1-1-plexWell96-51_S147_L007_R1_001	1.0	8.0	16.0	60.0	114.0	254.0	435.0	675.0	1260.0	1886.0	2838.0	4368.0	5902.0	7759.0	10093.0	12833.0	15522.0	19004.0	22991.0	27989.0	35018.0	44430.0	59982.0	91804.0	194807.0	571722.0
	15.0	16.0	17.0	18.0	19.0	20.0	21.0	22.0	23.0	24.0	25.0	26.0	27.0	28.0	29.0	30.0	31.0	32.0	33.0	34.0	35.0	36.0	37.0	38.0	39.0	40.0
lane7-s148-index-ATGCGTCA-SHI-Plate1-A1-2-plexWell96-52_S148_L007_R1_001	3.0	6.0	28.0	48.0	125.0	245.0	378.0	636.0	1057.0	1622.0	2596.0	3620.0	5137.0	6920.0	8813.0	11235.0	13762.0	16800.0	20027.0	23989.0	30505.0	38708.0	52196.0	79258.0	166963.0	517740.0
	14.0	15.0	16.0	17.0	18.0	19.0	20.0	21.0	22.0	23.0	24.0	25.0	26.0	27.0	28.0	29.0	30.0	31.0	32.0	33.0	34.0	35.0	36.0	37.0	38.0	39.0	40.0
lane7-s149-index-GCAAGTAC-SHI-Plate1-A1-3-plexWell96-53_S149_L007_R1_001	1.0	1.0	9.0	20.0	73.0	179.0	333.0	568.0	1002.0	1612.0	2622.0	3884.0	5706.0	7925.0	10154.0	13363.0	16392.0	20671.0	24452.0	29191.0	35222.0	43761.0	56357.0	75444.0	113606.0	240357.0	731225.0
	16.0	17.0	18.0	19.0	20.0	21.0	22.0	23.0	24.0	25.0	26.0	27.0	28.0	29.0	30.0	31.0	32.0	33.0	34.0	35.0	36.0	37.0	38.0	39.0	40.0
lane7-s150-index-ACTGACCT-SHI-Plate1-A1-4-plexWell96-54_S150_L007_R1_001	9.0	11.0	34.0	93.0	165.0	295.0	514.0	861.0	1396.0	2080.0	2896.0	4110.0	5642.0	7192.0	9032.0	11191.0	13148.0	16009.0	19513.0	24131.0	30931.0	41629.0	62878.0	131354.0	408487.0
	15.0	16.0	17.0	18.0	19.0	20.0	21.0	22.0	23.0	24.0	25.0	26.0	27.0	28.0	29.0	30.0	31.0	32.0	33.0	34.0	35.0	36.0	37.0	38.0	39.0	40.0
lane7-s151-index-GAAGACCA-SHI-Plate1-A1-5-plexWell96-55_S151_L007_R1_001	2.0	15.0	43.0	96.0	204.0	379.0	615.0	1074.0	1650.0	2577.0	3822.0	5632.0	7708.0	10318.0	13468.0	16978.0	21042.0	25212.0	30164.0	36628.0	45937.0	58358.0	77651.0	117102.0	244512.0	741839.0
	15.0	16.0	17.0	18.0	19.0	20.0	21.0	22.0	23.0	24.0	25.0	26.0	27.0	28.0	29.0	30.0	31.0	32.0	33.0	34.0	35.0	36.0	37.0	38.0	39.0	40.0
lane7-s152-index-CAGAAGCG-Mock-1-plexWell96-56_S152_L007_R1_001	1.0	4.0	16.0	48.0	118.0	216.0	500.0	811.0	1492.0	2277.0	3552.0	5202.0	6949.0	9315.0	11888.0	14514.0	17733.0	21258.0	25446.0	30616.0	38072.0	50678.0	72630.0	118559.0	247988.0	442662.0
	17.0	18.0	19.0	20.0	21.0	22.0	23.0	24.0	25.0	26.0	27.0	28.0	29.0	30.0	31.0	32.0	33.0	34.0	35.0	36.0	37.0	38.0	39.0	40.0
lane7-s153-index-AGCTCTAC-Mock-2-plexWell96-57_S153_L007_R1_001	2.0	4.0	15.0	23.0	49.0	88.0	153.0	264.0	342.0	551.0	753.0	1116.0	1429.0	1820.0	2116.0	2704.0	3238.0	3986.0	4919.0	6434.0	8497.0	12832.0	27388.0	116719.0
	16.0	17.0	18.0	19.0	20.0	21.0	22.0	23.0	24.0	25.0	26.0	27.0	28.0	29.0	30.0	31.0	32.0	33.0	34.0	35.0	36.0	37.0	38.0	39.0	40.0
lane7-s154-index-CCACTACT-Mock-3-plexWell96-58_S154_L007_R1_001	5.0	7.0	24.0	47.0	120.0	223.0	389.0	723.0	1092.0	1820.0	2765.0	3983.0	5445.0	7149.0	9063.0	11345.0	13671.0	16341.0	19469.0	24656.0	31165.0	42309.0	63702.0	136542.0	566218.0
	16.0	17.0	18.0	19.0	20.0	21.0	22.0	23.0	24.0	25.0	26.0	27.0	28.0	29.0	30.0	31.0	32.0	33.0	34.0	35.0	36.0	37.0	38.0	39.0	40.0
lane7-s155-index-GACCTACA-Mock-4-plexWell96-59_S155_L007_R1_001	2.0	8.0	15.0	63.0	150.0	270.0	518.0	967.0	1478.0	2182.0	3077.0	4107.0	5297.0	6877.0	8641.0	10673.0	13562.0	17791.0	23469.0	32618.0	45675.0	64968.0	90709.0	112985.0	52804.0
	16.0	17.0	18.0	19.0	20.0	21.0	22.0	23.0	24.0	25.0	26.0	27.0	28.0	29.0	30.0	31.0	32.0	33.0	34.0	35.0	36.0	37.0	38.0	39.0	40.0
lane7-s156-index-CACGTCCG-Mock-5-plexWell96-60_S156_L007_R1_001	1.0	28.0	103.0	274.0	646.0	1182.0	2359.0	4100.0	6474.0	9806.0	13898.0	18370.0	23722.0	29105.0	35327.0	42402.0	49942.0	59683.0	74825.0	96830.0	132004.0	190487.0	297884.0	506034.0	433822.0
	15.0	16.0	17.0	18.0	19.0	20.0	21.0	22.0	23.0	24.0	25.0	26.0	27.0	28.0	29.0	30.0	31.0	32.0	33.0	34.0	35.0	36.0	37.0	38.0	39.0	40.0
lane7-s551-index--TAAGGCGA-CTCCTTAC-YZ5-1-NexteraFlex-Full_S551_L007_R1_001	1.0	3.0	34.0	75.0	225.0	506.0	949.0	1971.0	3418.0	5609.0	9467.0	15122.0	20916.0	29020.0	38701.0	50597.0	65041.0	83844.0	104068.0	128593.0	158354.0	200341.0	274803.0	436037.0	995266.0	3028094.0
	15.0	16.0	17.0	18.0	19.0	20.0	21.0	22.0	23.0	24.0	25.0	26.0	27.0	28.0	29.0	30.0	31.0	32.0	33.0	34.0	35.0	36.0	37.0	38.0	39.0	40.0
lane7-s552-index--CGTACTAG-TCTTACGC-YZ5-2-NexteraFlex-Full_S552_L007_R1_001	2.0	0.0	16.0	58.0	130.0	312.0	685.0	1356.0	2387.0	4205.0	7005.0	11136.0	15283.0	20976.0	27401.0	35126.0	44592.0	57622.0	72285.0	89303.0	110675.0	141907.0	197706.0	320673.0	689531.0	1364236.0
	15.0	16.0	17.0	18.0	19.0	20.0	21.0	22.0	23.0	24.0	25.0	26.0	27.0	28.0	29.0	30.0	31.0	32.0	33.0	34.0	35.0	36.0	37.0	38.0	39.0	40.0
lane7-s553-index--AGGCAGAA-TATGCAGT-YZ5-3-NexteraFlex-Full_S553_L007_R1_001	1.0	6.0	22.0	57.0	184.0	379.0	553.0	1009.0	1702.0	2882.0	4642.0	7163.0	10222.0	14280.0	19458.0	25363.0	32054.0	42034.0	53587.0	64750.0	81572.0	103024.0	140141.0	221202.0	498011.0	1602438.0
	15.0	16.0	17.0	18.0	19.0	20.0	21.0	22.0	23.0	24.0	25.0	26.0	27.0	28.0	29.0	30.0	31.0	32.0	33.0	34.0	35.0	36.0	37.0	38.0	39.0	40.0
lane7-s554-index--GGACTCCT-AGAGGATA-YZ5-4-NexteraFlex-Full_S554_L007_R1_001	1.0	4.0	9.0	39.0	86.0	166.0	386.0	812.0	1394.0	2489.0	4252.0	7006.0	9828.0	13761.0	18706.0	25048.0	31209.0	40978.0	51821.0	63697.0	79876.0	101929.0	140542.0	223788.0	508237.0	1668296.0
	16.0	17.0	18.0	19.0	20.0	21.0	22.0	23.0	24.0	25.0	26.0	27.0	28.0	29.0	30.0	31.0	32.0	33.0	34.0	35.0	36.0	37.0	38.0	39.0	40.0
lane7-s555-index--TAGGCATG-ACTCTAGG-YZ5-5-NexteraFlex-Full_S555_L007_R1_001	2.0	8.0	25.0	71.0	157.0	406.0	787.0	1382.0	2493.0	4109.0	6384.0	9095.0	12683.0	16910.0	22095.0	28077.0	39098.0	50965.0	61409.0	75546.0	93341.0	124719.0	195295.0	420691.0	1137886.0
	16.0	17.0	18.0	19.0	20.0	21.0	22.0	23.0	24.0	25.0	26.0	27.0	28.0	29.0	30.0	31.0	32.0	33.0	34.0	35.0	36.0	37.0	38.0	39.0	40.0
lane7-s556-index--CGAGGCTG-TCGCATAA-ACR-134-1-NexteraFlex-Full_S556_L007_R1_001	1.0	11.0	47.0	163.0	367.0	863.0	1530.0	2519.0	3976.0	5826.0	8686.0	11818.0	15267.0	19700.0	25039.0	31152.0	39334.0	49312.0	61107.0	78280.0	103211.0	147554.0	239669.0	456032.0	551707.0
	15.0	16.0	17.0	18.0	19.0	20.0	21.0	22.0	23.0	24.0	25.0	26.0	27.0	28.0	29.0	30.0	31.0	32.0	33.0	34.0	35.0	36.0	37.0	38.0	39.0	40.0
lane7-s557-index--AAGAGGCA-CTAGTCGA-ACR-134-2-NexteraFlex-Full_S557_L007_R1_001	1.0	3.0	20.0	97.0	264.0	558.0	1191.0	2206.0	3589.0	5323.0	7884.0	11204.0	14880.0	19677.0	25654.0	32382.0	40238.0	51967.0	64473.0	78057.0	96579.0	120228.0	158170.0	234687.0	485840.0	1726554.0
	15.0	16.0	17.0	18.0	19.0	20.0	21.0	22.0	23.0	24.0	25.0	26.0	27.0	28.0	29.0	30.0	31.0	32.0	33.0	34.0	35.0	36.0	37.0	38.0	39.0	40.0
lane7-s558-index--GCTCATGA-ATTAGACG-ACR-134-3-NexteraFlex-Full_S558_L007_R1_001	3.0	3.0	24.0	90.0	209.0	646.0	1213.0	2253.0	3441.0	5548.0	8125.0	11804.0	15597.0	20758.0	26413.0	33688.0	41935.0	52771.0	64948.0	78780.0	95467.0	119460.0	157337.0	233207.0	479394.0	1666298.0
	15.0	16.0	17.0	18.0	19.0	20.0	21.0	22.0	23.0	24.0	25.0	26.0	27.0	28.0	29.0	30.0	31.0	32.0	33.0	34.0	35.0	36.0	37.0	38.0	39.0	40.0
lane7-s559-index--CGTACTAG-TATGCAGT-ACR-134-4-NexteraFlex-Full_S559_L007_R1_001	2.0	3.0	29.0	95.0	265.0	662.0	1407.0	2531.0	4085.0	6388.0	9585.0	14501.0	18805.0	24593.0	31646.0	39734.0	50139.0	63701.0	79324.0	96224.0	119741.0	151915.0	208316.0	324728.0	672902.0	1480681.0
	15.0	16.0	17.0	18.0	19.0	20.0	21.0	22.0	23.0	24.0	25.0	26.0	27.0	28.0	29.0	30.0	31.0	32.0	33.0	34.0	35.0	36.0	37.0	38.0	39.0	40.0
lane7-s560-index--AGGCAGAA-CTCCTTAC-ACR-134-5-NexteraFlex-Full_S560_L007_R1_001	4.0	12.0	44.0	182.0	543.0	1167.0	1966.0	3492.0	5455.0	8512.0	12378.0	17802.0	23754.0	31480.0	41190.0	52254.0	67406.0	94223.0	121137.0	144491.0	174396.0	205450.0	260538.0	372834.0	725975.0	2905490.0
	16.0	17.0	18.0	19.0	20.0	21.0	22.0	23.0	24.0	25.0	26.0	27.0	28.0	29.0	30.0	31.0	32.0	33.0	34.0	35.0	36.0	37.0	38.0	39.0	40.0
lane7-s561-index--TAAGGCGA-TCTTACGC-SHI-Plate1-A1-1-NexteraFlex-Full_S561_L007_R1_001	9.0	23.0	61.0	159.0	361.0	686.0	1243.0	2170.0	3915.0	6139.0	9841.0	13525.0	18717.0	25022.0	32154.0	40399.0	50514.0	62565.0	76619.0	93968.0	119528.0	164376.0	262194.0	596578.0	1816483.0
	16.0	17.0	18.0	19.0	20.0	21.0	22.0	23.0	24.0	25.0	26.0	27.0	28.0	29.0	30.0	31.0	32.0	33.0	34.0	35.0	36.0	37.0	38.0	39.0	40.0
lane7-s562-index--CTCTCTAC-AGAGGATA-SHI-Plate1-A1-2-NexteraFlex-Full_S562_L007_R1_001	2.0	10.0	30.0	84.0	234.0	411.0	899.0	1619.0	2881.0	4804.0	7967.0	10812.0	15024.0	20807.0	27129.0	34613.0	44293.0	55456.0	67999.0	84611.0	108107.0	148646.0	238058.0	539534.0	1667749.0
	16.0	17.0	18.0	19.0	20.0	21.0	22.0	23.0	24.0	25.0	26.0	27.0	28.0	29.0	30.0	31.0	32.0	33.0	34.0	35.0	36.0	37.0	38.0	39.0	40.0
lane7-s563-index--GTAGAGGA-ACTCTAGG-SHI-Plate1-A1-3-NexteraFlex-Full_S563_L007_R1_001	6.0	12.0	60.0	96.0	251.0	556.0	1008.0	1823.0	2939.0	4911.0	7538.0	10444.0	14907.0	19692.0	25698.0	32577.0	40877.0	50897.0	62953.0	79474.0	103090.0	145034.0	236266.0	533131.0	1317776.0
	15.0	16.0	17.0	18.0	19.0	20.0	21.0	22.0	23.0	24.0	25.0	26.0	27.0	28.0	29.0	30.0	31.0	32.0	33.0	34.0	35.0	36.0	37.0	38.0	39.0	40.0
lane7-s564-index--AAGAGGCA-ATTAGACG-SHI-Plate1-A1-4-NexteraFlex-Full_S564_L007_R1_001	1.0	8.0	12.0	82.0	182.0	496.0	992.0	1856.0	3301.0	5451.0	8858.0	13847.0	18968.0	25658.0	33894.0	43866.0	55397.0	69384.0	85636.0	105424.0	132374.0	171937.0	239558.0	389773.0	866344.0	2178461.0
	16.0	17.0	18.0	19.0	20.0	21.0	22.0	23.0	24.0	25.0	26.0	27.0	28.0	29.0	30.0	31.0	32.0	33.0	34.0	35.0	36.0	37.0	38.0	39.0	40.0
lane7-s565-index--GCTCATGA-TCGCATAA-SHI-Plate1-A1-5-NexteraFlex-Full_S565_L007_R1_001	3.0	18.0	63.0	139.0	298.0	649.0	1182.0	1902.0	3182.0	5308.0	8115.0	11394.0	15610.0	21041.0	26508.0	33623.0	43013.0	54171.0	66045.0	80751.0	102051.0	138044.0	216947.0	475684.0	1272536.0
	15.0	16.0	17.0	18.0	19.0	20.0	21.0	22.0	23.0	24.0	25.0	26.0	27.0	28.0	29.0	30.0	31.0	32.0	33.0	34.0	35.0	36.0	37.0	38.0	39.0	40.0
lane7-s566-index--CGAGGCTG-CTAGTCGA-Mock-1-NexteraFlex-Full_S566_L007_R1_001	1.0	2.0	13.0	29.0	100.0	272.0	642.0	1371.0	2687.0	4796.0	7924.0	13172.0	18221.0	25203.0	33520.0	43193.0	55355.0	69832.0	89014.0	113245.0	149925.0	209364.0	317962.0	531727.0	996990.0	1115684.0
	14.0	15.0	16.0	17.0	18.0	19.0	20.0	21.0	22.0	23.0	24.0	25.0	26.0	27.0	28.0	29.0	30.0	31.0	32.0	33.0	34.0	35.0	36.0	37.0	38.0	39.0	40.0
lane7-s567-index--AGGCAGAA-TCTTACGC-Mock-2-NexteraFlex-Full_S567_L007_R1_001	1.0	1.0	3.0	22.0	98.0	266.0	479.0	673.0	1172.0	2113.0	3509.0	5809.0	9570.0	13190.0	18099.0	24760.0	32106.0	40524.0	51882.0	63875.0	78458.0	97234.0	123412.0	167380.0	262020.0	591887.0	2128320.0
	13.0	14.0	15.0	16.0	17.0	18.0	19.0	20.0	21.0	22.0	23.0	24.0	25.0	26.0	27.0	28.0	29.0	30.0	31.0	32.0	33.0	34.0	35.0	36.0	37.0	38.0	39.0	40.0
lane7-s568-index--TAAGGCGA-TATGCAGT-Mock-3-NexteraFlex-Full_S568_L007_R1_001	1.0	0.0	1.0	3.0	19.0	73.0	159.0	376.0	715.0	1466.0	2575.0	4523.0	7698.0	12637.0	17475.0	24182.0	32889.0	43538.0	55139.0	70451.0	87829.0	109283.0	135537.0	173738.0	239114.0	377633.0	867026.0	3090205.0
	16.0	17.0	18.0	19.0	20.0	21.0	22.0	23.0	24.0	25.0	26.0	27.0	28.0	29.0	30.0	31.0	32.0	33.0	34.0	35.0	36.0	37.0	38.0	39.0	40.0
lane7-s569-index--CGTACTAG-CTCCTTAC-Mock-4-NexteraFlex-Full_S569_L007_R1_001	4.0	6.0	33.0	111.0	258.0	480.0	967.0	1742.0	3054.0	5318.0	8531.0	11470.0	15592.0	20910.0	26705.0	33637.0	41644.0	51838.0	64095.0	80182.0	105995.0	150889.0	252377.0	549640.0	1104830.0
	16.0	17.0	18.0	19.0	20.0	21.0	22.0	23.0	24.0	25.0	26.0	27.0	28.0	29.0	30.0	31.0	32.0	33.0	34.0	35.0	36.0	37.0	38.0	39.0	40.0
lane7-s570-index--TAGCGCTC-AGAGGATA-Mock-5-NexteraFlex-Full_S570_L007_R1_001	6.0	15.0	38.0	93.0	274.0	621.0	1361.0	2816.0	5405.0	9833.0	17497.0	23167.0	32387.0	44016.0	58305.0	77231.0	114368.0	158066.0	190055.0	236012.0	279768.0	356797.0	528628.0	1106054.0	4662214.0
	16.0	17.0	18.0	19.0	20.0	21.0	22.0	23.0	24.0	25.0	26.0	27.0	28.0	29.0	30.0	31.0	32.0	33.0	34.0	35.0	36.0	37.0	38.0	39.0	40.0
lane7-s571-index--GGACTCCT-CTCCTTAC-YZ5-1-NexteraFlex-Reduced_S571_L007_R1_001	3.0	14.0	42.0	118.0	233.0	500.0	938.0	1776.0	3109.0	5337.0	8212.0	12116.0	17080.0	23170.0	30404.0	41988.0	69413.0	90467.0	114655.0	137692.0	156051.0	189442.0	260427.0	491913.0	1492579.0
	16.0	17.0	18.0	19.0	20.0	21.0	22.0	23.0	24.0	25.0	26.0	27.0	28.0	29.0	30.0	31.0	32.0	33.0	34.0	35.0	36.0	37.0	38.0	39.0	40.0
lane7-s572-index--CTCTCTAC-TCTTACGC-YZ5-2-NexteraFlex-Reduced_S572_L007_R1_001	4.0	17.0	47.0	133.0	279.0	586.0	1134.0	2229.0	3895.0	6183.0	9770.0	14324.0	19687.0	26220.0	34498.0	46545.0	77342.0	101202.0	128455.0	153198.0	171435.0	204012.0	277636.0	513905.0	1683586.0
	16.0	17.0	18.0	19.0	20.0	21.0	22.0	23.0	24.0	25.0	26.0	27.0	28.0	29.0	30.0	31.0	32.0	33.0	34.0	35.0	36.0	37.0	38.0	39.0	40.0
lane7-s573-index--TAGCGCTC-TATGCAGT-YZ5-3-NexteraFlex-Reduced_S573_L007_R1_001	1.0	8.0	32.0	92.0	171.0	354.0	705.0	1305.0	2457.0	4067.0	6482.0	9557.0	13254.0	18119.0	23978.0	33311.0	57285.0	74646.0	95083.0	112472.0	126154.0	152289.0	206428.0	388421.0	1321230.0
	17.0	18.0	19.0	20.0	21.0	22.0	23.0	24.0	25.0	26.0	27.0	28.0	29.0	30.0	31.0	32.0	33.0	34.0	35.0	36.0	37.0	38.0	39.0	40.0
lane7-s574-index--TAGGCATG-AGAGGATA-YZ5-4-NexteraFlex-Reduced_S574_L007_R1_001	8.0	22.0	100.0	221.0	485.0	940.0	1767.0	3195.0	5303.0	8484.0	11943.0	16454.0	22235.0	29046.0	40148.0	65764.0	86914.0	111201.0	132720.0	149721.0	180439.0	247631.0	468613.0	1438572.0
	16.0	17.0	18.0	19.0	20.0	21.0	22.0	23.0	24.0	25.0	26.0	27.0	28.0	29.0	30.0	31.0	32.0	33.0	34.0	35.0	36.0	37.0	38.0	39.0	40.0
lane7-s575-index--CGAGGCTG-ACTCTAGG-YZ5-5-NexteraFlex-Reduced_S575_L007_R1_001	6.0	15.0	56.0	179.0	451.0	1069.0	2323.0	4472.0	8027.0	13382.0	20506.0	30052.0	41333.0	53581.0	69371.0	88674.0	120994.0	162939.0	213995.0	275762.0	350698.0	476766.0	715880.0	1311411.0	1507101.0
	16.0	17.0	18.0	19.0	20.0	21.0	22.0	23.0	24.0	25.0	26.0	27.0	28.0	29.0	30.0	31.0	32.0	33.0	34.0	35.0	36.0	37.0	38.0	39.0	40.0
lane7-s576-index--TAAGGCGA-TCGCATAA-ACR-134-1-NexteraFlex-Reduced_S576_L007_R1_001	7.0	15.0	82.0	210.0	496.0	965.0	1792.0	2950.0	4605.0	6659.0	9717.0	13119.0	17546.0	23135.0	29496.0	38188.0	55768.0	73319.0	94553.0	113516.0	131461.0	156909.0	212281.0	390567.0	1389559.0
	16.0	17.0	18.0	19.0	20.0	21.0	22.0	23.0	24.0	25.0	26.0	27.0	28.0	29.0	30.0	31.0	32.0	33.0	34.0	35.0	36.0	37.0	38.0	39.0	40.0
lane7-s577-index--CGTACTAG-CTAGTCGA-ACR-134-2-NexteraFlex-Reduced_S577_L007_R1_001	2.0	26.0	85.0	234.0	551.0	1162.0	2087.0	3519.0	5542.0	8306.0	11757.0	16585.0	21577.0	28135.0	35136.0	45408.0	64410.0	85665.0	109495.0	133907.0	159396.0	197621.0	279289.0	530866.0	1213197.0
	14.0	15.0	16.0	17.0	18.0	19.0	20.0	21.0	22.0	23.0	24.0	25.0	26.0	27.0	28.0	29.0	30.0	31.0	32.0	33.0	34.0	35.0	36.0	37.0	38.0	39.0	40.0
lane7-s578-index--AGGCAGAA-ATTAGACG-ACR-134-3-NexteraFlex-Reduced_S578_L007_R1_001	1.0	1.0	5.0	22.0	95.0	288.0	638.0	1301.0	2350.0	3814.0	5858.0	8651.0	12632.0	17305.0	23368.0	30114.0	39206.0	50837.0	76370.0	102218.0	131368.0	159230.0	183180.0	219218.0	291794.0	525378.0	1918903.0
	16.0	17.0	18.0	19.0	20.0	21.0	22.0	23.0	24.0	25.0	26.0	27.0	28.0	29.0	30.0	31.0	32.0	33.0	34.0	35.0	36.0	37.0	38.0	39.0	40.0
lane7-s579-index--CTCTCTAC-TATGCAGT-ACR-134-4-NexteraFlex-Reduced_S579_L007_R1_001	4.0	19.0	101.0	267.0	732.0	1456.0	2497.0	4148.0	6386.0	9327.0	13397.0	18420.0	24901.0	32314.0	41587.0	55120.0	84725.0	115061.0	150174.0	183864.0	208962.0	246677.0	324416.0	575680.0	2191431.0
	16.0	17.0	18.0	19.0	20.0	21.0	22.0	23.0	24.0	25.0	26.0	27.0	28.0	29.0	30.0	31.0	32.0	33.0	34.0	35.0	36.0	37.0	38.0	39.0	40.0
lane7-s580-index--TAGCGCTC-CTCCTTAC-ACR-134-5-NexteraFlex-Reduced_S580_L007_R1_001	5.0	38.0	114.0	317.0	747.0	1506.0	2790.0	4509.0	6967.0	10253.0	14216.0	20036.0	26720.0	35309.0	44858.0	57629.0	79797.0	105423.0	136188.0	168337.0	201558.0	251053.0	348978.0	667960.0	2411483.0
	15.0	16.0	17.0	18.0	19.0	20.0	21.0	22.0	23.0	24.0	25.0	26.0	27.0	28.0	29.0	30.0	31.0	32.0	33.0	34.0	35.0	36.0	37.0	38.0	39.0	40.0
lane7-s581-index--GGACTCCT-TCTTACGC-SHI-Plate1-A1-1-NexteraFlex-Reduced_S581_L007_R1_001	3.0	32.0	114.0	277.0	636.0	1296.0	2255.0	3653.0	5656.0	8458.0	12377.0	18082.0	24661.0	32932.0	42823.0	54339.0	69333.0	91057.0	114825.0	140940.0	173396.0	215470.0	285415.0	425091.0	821201.0	1872300.0
	14.0	15.0	16.0	17.0	18.0	19.0	20.0	21.0	22.0	23.0	24.0	25.0	26.0	27.0	28.0	29.0	30.0	31.0	32.0	33.0	34.0	35.0	36.0	37.0	38.0	39.0	40.0
lane7-s582-index--GTAGAGGA-AGAGGATA-SHI-Plate1-A1-2-NexteraFlex-Reduced_S582_L007_R1_001	2.0	5.0	13.0	55.0	191.0	380.0	804.0	1626.0	2730.0	4286.0	7130.0	10808.0	16087.0	22475.0	30472.0	40139.0	52049.0	68071.0	97159.0	125032.0	155551.0	189754.0	232335.0	301795.0	456812.0	933673.0	2600868.0
	13.0	14.0	15.0	16.0	17.0	18.0	19.0	20.0	21.0	22.0	23.0	24.0	25.0	26.0	27.0	28.0	29.0	30.0	31.0	32.0	33.0	34.0	35.0	36.0	37.0	38.0	39.0	40.0
lane7-s583-index--AAGAGGCA-ACTCTAGG-SHI-Plate1-A1-3-NexteraFlex-Reduced_S583_L007_R1_001	1.0	1.0	3.0	32.0	68.0	180.0	468.0	967.0	1595.0	2708.0	4233.0	6517.0	9840.0	14488.0	20117.0	27338.0	35533.0	45407.0	58145.0	80197.0	101629.0	125797.0	154129.0	188654.0	248636.0	373491.0	743096.0	1950708.0
	15.0	16.0	17.0	18.0	19.0	20.0	21.0	22.0	23.0	24.0	25.0	26.0	27.0	28.0	29.0	30.0	31.0	32.0	33.0	34.0	35.0	36.0	37.0	38.0	39.0	40.0
lane7-s584-index--CGTACTAG-ATTAGACG-SHI-Plate1-A1-4-NexteraFlex-Reduced_S584_L007_R1_001	1.0	6.0	32.0	110.0	281.0	608.0	1202.0	2103.0	3402.0	5324.0	8254.0	11947.0	16319.0	21718.0	27776.0	35028.0	44329.0	58932.0	75040.0	92130.0	113361.0	139241.0	181626.0	270019.0	506300.0	924014.0
	15.0	16.0	17.0	18.0	19.0	20.0	21.0	22.0	23.0	24.0	25.0	26.0	27.0	28.0	29.0	30.0	31.0	32.0	33.0	34.0	35.0	36.0	37.0	38.0	39.0	40.0
lane7-s585-index--AGGCAGAA-TCGCATAA-SHI-Plate1-A1-5-NexteraFlex-Reduced_S585_L007_R1_001	11.0	58.0	183.0	517.0	1035.0	2021.0	3428.0	4969.0	7434.0	10684.0	15020.0	20692.0	28106.0	37188.0	47949.0	59887.0	74954.0	97359.0	121921.0	151009.0	186661.0	233323.0	308598.0	463826.0	906755.0	2202469.0
	14.0	15.0	16.0	17.0	18.0	19.0	20.0	21.0	22.0	23.0	24.0	25.0	26.0	27.0	28.0	29.0	30.0	31.0	32.0	33.0	34.0	35.0	36.0	37.0	38.0	39.0	40.0
lane7-s586-index--TAAGGCGA-CTAGTCGA-Mock-1-NexteraFlex-Reduced_S586_L007_R1_001	1.0	1.0	8.0	21.0	65.0	187.0	352.0	718.0	1493.0	2647.0	4475.0	7291.0	11493.0	16141.0	22996.0	30784.0	40159.0	52604.0	72496.0	95266.0	122489.0	150198.0	186343.0	245158.0	373699.0	791219.0	2496406.0
	16.0	17.0	18.0	19.0	20.0	21.0	22.0	23.0	24.0	25.0	26.0	27.0	28.0	29.0	30.0	31.0	32.0	33.0	34.0	35.0	36.0	37.0	38.0	39.0	40.0
lane7-s587-index--CGGAGCCT-ACTCTAGG-Mock-2-NexteraFlex-Reduced_S587_L007_R1_001	4.0	18.0	48.0	144.0	344.0	767.0	1530.0	2813.0	5304.0	8794.0	14006.0	20284.0	28430.0	38355.0	50147.0	65078.0	87178.0	113509.0	145889.0	187478.0	240959.0	334957.0	530040.0	1085304.0	2233664.0
	16.0	17.0	18.0	19.0	20.0	21.0	22.0	23.0	24.0	25.0	26.0	27.0	28.0	29.0	30.0	31.0	32.0	33.0	34.0	35.0	36.0	37.0	38.0	39.0	40.0
lane7-s588-index--GCTCATGA-CTAGTCGA-Mock-3-NexteraFlex-Reduced_S588_L007_R1_001	4.0	18.0	66.0	156.0	317.0	684.0	1214.0	2140.0	3735.0	5900.0	9453.0	13331.0	18627.0	24724.0	32611.0	42302.0	58756.0	76597.0	97860.0	120558.0	150152.0	198618.0	303997.0	636695.0	1941716.0
	14.0	15.0	16.0	17.0	18.0	19.0	20.0	21.0	22.0	23.0	24.0	25.0	26.0	27.0	28.0	29.0	30.0	31.0	32.0	33.0	34.0	35.0	36.0	37.0	38.0	39.0	40.0
lane7-s589-index--CGAGGCTG-ATTAGACG-Mock-4-NexteraFlex-Reduced_S589_L007_R1_001	1.0	0.0	1.0	12.0	30.0	109.0	300.0	668.0	1409.0	2573.0	4820.0	7969.0	12656.0	17883.0	24374.0	32502.0	41929.0	53199.0	69487.0	91516.0	119408.0	156993.0	209890.0	297100.0	460473.0	820097.0	932510.0
	16.0	17.0	18.0	19.0	20.0	21.0	22.0	23.0	24.0	25.0	26.0	27.0	28.0	29.0	30.0	31.0	32.0	33.0	34.0	35.0	36.0	37.0	38.0	39.0	40.0
lane7-s590-index--AAGAGGCA-TCGCATAA-Mock-5-NexteraFlex-Reduced_S590_L007_R1_001	7.0	32.0	90.0	210.0	460.0	885.0	1678.0	2905.0	4943.0	7890.0	12308.0	17716.0	24431.0	32566.0	42725.0	55185.0	75463.0	98257.0	125216.0	155412.0	194911.0	259121.0	399898.0	839473.0	2567698.0
	16.0	17.0	18.0	19.0	20.0	21.0	22.0	23.0	24.0	25.0	26.0	27.0	28.0	29.0	30.0	31.0	32.0	33.0	34.0	35.0	36.0	37.0	38.0	39.0	40.0
lane7-s591-index--ATTACTCG-AGGCTATA-YZ5-1-QIAseqFX_S591_L007_R1_001	10.0	33.0	125.0	270.0	569.0	1212.0	2295.0	3985.0	6868.0	11578.0	24142.0	57613.0	48301.0	39111.0	40474.0	47038.0	56370.0	67752.0	84470.0	108025.0	146653.0	219895.0	379661.0	795651.0	1041951.0
	16.0	17.0	18.0	19.0	20.0	21.0	22.0	23.0	24.0	25.0	26.0	27.0	28.0	29.0	30.0	31.0	32.0	33.0	34.0	35.0	36.0	37.0	38.0	39.0	40.0
lane7-s592-index--ATTACTCG-GCCTCTAT-YZ5-2-QIAseqFX_S592_L007_R1_001	6.0	37.0	106.0	276.0	636.0	1187.0	2166.0	3745.0	6329.0	10403.0	18873.0	41008.0	39623.0	36964.0	40791.0	48749.0	58840.0	71834.0	88845.0	115835.0	158845.0	239395.0	410655.0	847545.0	1056419.0
	16.0	17.0	18.0	19.0	20.0	21.0	22.0	23.0	24.0	25.0	26.0	27.0	28.0	29.0	30.0	31.0	32.0	33.0	34.0	35.0	36.0	37.0	38.0	39.0	40.0
lane7-s593-index--ATTACTCG-AGGATAGG-YZ5-3-QIAseqFX_S593_L007_R1_001	1.0	30.0	89.0	244.0	552.0	1095.0	2094.0	3645.0	6124.0	10197.0	20384.0	47305.0	41219.0	35380.0	37838.0	44013.0	53153.0	64339.0	79174.0	102186.0	138172.0	208383.0	357617.0	737663.0	949628.0
	16.0	17.0	18.0	19.0	20.0	21.0	22.0	23.0	24.0	25.0	26.0	27.0	28.0	29.0	30.0	31.0	32.0	33.0	34.0	35.0	36.0	37.0	38.0	39.0	40.0
lane7-s594-index--ATTACTCG-TCAGAGCC-YZ5-4-QIAseqFX_S594_L007_R1_001	6.0	33.0	98.0	282.0	706.0	1243.0	2316.0	4263.0	7410.0	12019.0	26391.0	61730.0	49758.0	39489.0	40530.0	46912.0	55931.0	66834.0	83344.0	107077.0	145638.0	219539.0	371660.0	750566.0	916780.0
	16.0	17.0	18.0	19.0	20.0	21.0	22.0	23.0	24.0	25.0	26.0	27.0	28.0	29.0	30.0	31.0	32.0	33.0	34.0	35.0	36.0	37.0	38.0	39.0	40.0
lane7-s595-index--ATTACTCG-CTTCGCCT-YZ5-5-QIAseqFX_S595_L007_R1_001	4.0	9.0	61.0	144.0	283.0	586.0	1215.0	2297.0	3931.0	6163.0	11400.0	23827.0	23530.0	22914.0	25823.0	30986.0	37134.0	45683.0	56636.0	72349.0	99310.0	149331.0	255125.0	525017.0	668640.0
	14.0	15.0	16.0	17.0	18.0	19.0	20.0	21.0	22.0	23.0	24.0	25.0	26.0	27.0	28.0	29.0	30.0	31.0	32.0	33.0	34.0	35.0	36.0	37.0	38.0	39.0	40.0
lane7-s596-index--ATTACTCG-TAAGATTA-ACR-134-1-QIAseqFX_S596_L007_R1_001	1.0	6.0	28.0	103.0	427.0	1013.0	1965.0	3239.0	4958.0	7210.0	10397.0	14262.0	24658.0	52887.0	45359.0	36558.0	38124.0	43772.0	50998.0	62039.0	75325.0	94901.0	124541.0	178504.0	297579.0	623453.0	868565.0
	15.0	16.0	17.0	18.0	19.0	20.0	21.0	22.0	23.0	24.0	25.0	26.0	27.0	28.0	29.0	30.0	31.0	32.0	33.0	34.0	35.0	36.0	37.0	38.0	39.0	40.0
lane7-s597-index--ATTACTCG-ACGTCCTG-ACR-134-2-QIAseqFX_S597_L007_R1_001	2.0	6.0	84.0	216.0	646.0	1261.0	2235.0	3455.0	5123.0	7553.0	10918.0	17816.0	36408.0	33823.0	29819.0	32620.0	37836.0	46334.0	55538.0	68869.0	86553.0	114311.0	164981.0	276711.0	577489.0	784971.0
	15.0	16.0	17.0	18.0	19.0	20.0	21.0	22.0	23.0	24.0	25.0	26.0	27.0	28.0	29.0	30.0	31.0	32.0	33.0	34.0	35.0	36.0	37.0	38.0	39.0	40.0
lane7-s598-index--ATTACTCG-GTCAGTAC-ACR-134-3-QIAseqFX_S598_L007_R1_001	3.0	22.0	77.0	259.0	601.0	1083.0	1864.0	2920.0	4399.0	6426.0	9713.0	24202.0	62508.0	40794.0	22128.0	17590.0	18283.0	20663.0	24299.0	29862.0	37592.0	49171.0	70595.0	117945.0	244205.0	328637.0
	14.0	15.0	16.0	17.0	18.0	19.0	20.0	21.0	22.0	23.0	24.0	25.0	26.0	27.0	28.0	29.0	30.0	31.0	32.0	33.0	34.0	35.0	36.0	37.0	38.0	39.0	40.0
lane7-s599-index--TCCGGAGA-AGGCTATA-ACR-134-4-QIAseqFX_S599_L007_R1_001	8.0	61.0	225.0	527.0	903.0	1507.0	2190.0	3240.0	4788.0	7014.0	10260.0	15651.0	67414.0	125007.0	34183.0	22284.0	23487.0	26105.0	30304.0	36101.0	43960.0	54539.0	69156.0	91795.0	135769.0	276119.0	1354803.0
	14.0	15.0	16.0	17.0	18.0	19.0	20.0	21.0	22.0	23.0	24.0	25.0	26.0	27.0	28.0	29.0	30.0	31.0	32.0	33.0	34.0	35.0	36.0	37.0	38.0	39.0	40.0
lane7-s600-index--TCCGGAGA-GCCTCTAT-ACR-134-5-QIAseqFX_S600_L007_R1_001	2.0	23.0	105.0	241.0	568.0	937.0	1581.0	2525.0	3881.0	5877.0	8347.0	12036.0	30435.0	56317.0	26947.0	26916.0	32238.0	38836.0	46678.0	57411.0	71167.0	89314.0	113529.0	151473.0	224978.0	459781.0	2182592.0
	15.0	16.0	17.0	18.0	19.0	20.0	21.0	22.0	23.0	24.0	25.0	26.0	27.0	28.0	29.0	30.0	31.0	32.0	33.0	34.0	35.0	36.0	37.0	38.0	39.0	40.0
lane7-s601-index--TCCGGAGA-AGGATAGG-SHI-Plate1-A1-1-QIAseqFX_S601_L007_R1_001	1.0	10.0	26.0	71.0	166.0	353.0	711.0	1246.0	2114.0	3901.0	6567.0	25294.0	48612.0	20786.0	20313.0	25062.0	31329.0	38943.0	48434.0	59920.0	75992.0	99225.0	139034.0	223047.0	511549.0	1879494.0
	14.0	15.0	16.0	17.0	18.0	19.0	20.0	21.0	22.0	23.0	24.0	25.0	26.0	27.0	28.0	29.0	30.0	31.0	32.0	33.0	34.0	35.0	36.0	37.0	38.0	39.0	40.0
lane7-s602-index--TCCGGAGA-TCAGAGCC-SHI-Plate1-A1-2-QIAseqFX_S602_L007_R1_001	1.0	1.0	22.0	52.0	174.0	352.0	777.0	1500.0	2677.0	4805.0	8083.0	14201.0	60094.0	96739.0	38925.0	38525.0	47201.0	59125.0	72598.0	88796.0	109446.0	138041.0	178544.0	247070.0	395236.0	901189.0	3188667.0
	14.0	15.0	16.0	17.0	18.0	19.0	20.0	21.0	22.0	23.0	24.0	25.0	26.0	27.0	28.0	29.0	30.0	31.0	32.0	33.0	34.0	35.0	36.0	37.0	38.0	39.0	40.0
lane7-s603-index--TCCGGAGA-CTTCGCCT-SHI-Plate1-A1-3-QIAseqFX_S603_L007_R1_001	1.0	5.0	17.0	36.0	132.0	248.0	507.0	919.0	1668.0	2851.0	4873.0	8119.0	25683.0	51239.0	25442.0	26844.0	33640.0	42266.0	52362.0	64449.0	79389.0	99627.0	128246.0	177258.0	280636.0	642460.0	2310287.0
	14.0	15.0	16.0	17.0	18.0	19.0	20.0	21.0	22.0	23.0	24.0	25.0	26.0	27.0	28.0	29.0	30.0	31.0	32.0	33.0	34.0	35.0	36.0	37.0	38.0	39.0	40.0
lane7-s604-index--TCCGGAGA-TAAGATTA-SHI-Plate1-A1-4-QIAseqFX_S604_L007_R1_001	1.0	3.0	9.0	20.0	40.0	99.0	193.0	302.0	609.0	1034.0	1596.0	2663.0	8468.0	17694.0	8603.0	8809.0	11180.0	14159.0	17142.0	21564.0	26791.0	34157.0	43990.0	61584.0	98849.0	223558.0	874917.0
	14.0	15.0	16.0	17.0	18.0	19.0	20.0	21.0	22.0	23.0	24.0	25.0	26.0	27.0	28.0	29.0	30.0	31.0	32.0	33.0	34.0	35.0	36.0	37.0	38.0	39.0	40.0
lane7-s605-index--TCCGGAGA-ACGTCCTG-SHI-Plate1-A1-5-QIAseqFX_S605_L007_R1_001	1.0	1.0	11.0	24.0	55.0	143.0	285.0	593.0	1047.0	1891.0	3286.0	5537.0	13974.0	26418.0	18411.0	21938.0	28382.0	35795.0	45118.0	55720.0	69647.0	86946.0	113331.0	158963.0	253250.0	582180.0	2140451.0
	14.0	15.0	16.0	17.0	18.0	19.0	20.0	21.0	22.0	23.0	24.0	25.0	26.0	27.0	28.0	29.0	30.0	31.0	32.0	33.0	34.0	35.0	36.0	37.0	38.0	39.0	40.0
lane7-s606-index--TCCGGAGA-GTCAGTAC-Mock-1-QIAseqFX_S606_L007_R1_001	1.0	5.0	22.0	41.0	100.0	226.0	400.0	858.0	1637.0	2806.0	5089.0	9720.0	57159.0	91852.0	25310.0	20392.0	23505.0	29283.0	36080.0	44888.0	56026.0	70969.0	93187.0	128854.0	205033.0	466686.0	2106449.0
	15.0	16.0	17.0	18.0	19.0	20.0	21.0	22.0	23.0	24.0	25.0	26.0	27.0	28.0	29.0	30.0	31.0	32.0	33.0	34.0	35.0	36.0	37.0	38.0	39.0	40.0
lane7-s607-index--CGCTCATT-AGGCTATA-Mock-2-QIAseqFX_S607_L007_R1_001	6.0	15.0	43.0	99.0	198.0	383.0	767.0	1453.0	2751.0	4635.0	8277.0	36238.0	73575.0	24367.0	20305.0	24650.0	31004.0	38406.0	47548.0	59238.0	74225.0	95865.0	131477.0	206005.0	456776.0	2099776.0
	13.0	14.0	15.0	16.0	17.0	18.0	19.0	20.0	21.0	22.0	23.0	24.0	25.0	26.0	27.0	28.0	29.0	30.0	31.0	32.0	33.0	34.0	35.0	36.0	37.0	38.0	39.0	40.0
lane7-s608-index--CGCTCATT-GCCTCTAT-Mock-3-rd2-QIAseqFX_S608_L007_R1_001	1.0	1.0	3.0	5.0	34.0	60.0	140.0	324.0	638.0	1415.0	2558.0	4359.0	7391.0	28790.0	66848.0	21385.0	16505.0	19578.0	24207.0	29947.0	37401.0	47392.0	59397.0	77008.0	106343.0	167314.0	373023.0	1693955.0
	15.0	16.0	17.0	18.0	19.0	20.0	21.0	22.0	23.0	24.0	25.0	26.0	27.0	28.0	29.0	30.0	31.0	32.0	33.0	34.0	35.0	36.0	37.0	38.0	39.0	40.0
lane7-s609-index--CGCTCATT-AGGATAGG-Mock-4-rd2-QIAseqFX_S609_L007_R1_001	2.0	7.0	34.0	78.0	139.0	331.0	629.0	1173.0	2140.0	3552.0	6452.0	23576.0	52295.0	20185.0	18083.0	21775.0	27528.0	34218.0	42475.0	52587.0	65746.0	84928.0	116693.0	182610.0	403654.0	1835975.0
	14.0	15.0	16.0	17.0	18.0	19.0	20.0	21.0	22.0	23.0	24.0	25.0	26.0	27.0	28.0	29.0	30.0	31.0	32.0	33.0	34.0	35.0	36.0	37.0	38.0	39.0	40.0
lane7-s610-index--CGCTCATT-TCAGAGCC-Mock-5-QIAseqFX_S610_L007_R1_001	2.0	3.0	3.0	26.0	63.0	126.0	295.0	595.0	1186.0	1998.0	3519.0	6412.0	26509.0	44524.0	17358.0	16588.0	20844.0	26506.0	33159.0	40708.0	51185.0	63590.0	82420.0	111588.0	173853.0	384320.0	1767506.0
	14.0	15.0	16.0	17.0	18.0	19.0	20.0	21.0	22.0	23.0	24.0	25.0	26.0	27.0	28.0	29.0	30.0	31.0	32.0	33.0	34.0	35.0	36.0	37.0	38.0	39.0	40.0
lane7-s611-index--TTGGAATG-ATAGAGAG-YZ5-1-plexWell96-1_S611_L007_R1_001	1.0	0.0	0.0	1.0	5.0	14.0	40.0	75.0	131.0	221.0	395.0	662.0	1008.0	1389.0	2006.0	2750.0	3581.0	4515.0	5453.0	6745.0	8282.0	10459.0	14021.0	19159.0	29512.0	64416.0	267627.0
	17.0	18.0	19.0	20.0	21.0	22.0	23.0	24.0	25.0	26.0	27.0	28.0	29.0	30.0	31.0	32.0	33.0	34.0	35.0	36.0	37.0	38.0	39.0	40.0
lane7-s612-index--GGGACAAC-ATAGAGAG-YZ5-2-plexWell96-2_S612_L007_R1_001	1.0	7.0	11.0	38.0	71.0	130.0	240.0	486.0	713.0	1210.0	1743.0	2360.0	3185.0	4038.0	5207.0	6732.0	8380.0	10200.0	13018.0	17274.0	23921.0	37012.0	81127.0	337233.0
	17.0	18.0	19.0	20.0	21.0	22.0	23.0	24.0	25.0	26.0	27.0	28.0	29.0	30.0	31.0	32.0	33.0	34.0	35.0	36.0	37.0	38.0	39.0	40.0
lane7-s613-index--GCTGGATC-ATAGAGAG-YZ5-3-plexWell96-3_S613_L007_R1_001	1.0	4.0	10.0	38.0	89.0	162.0	329.0	554.0	913.0	1378.0	2045.0	2869.0	3917.0	5097.0	6402.0	8028.0	9971.0	12541.0	15987.0	20861.0	29178.0	45352.0	97905.0	404003.0
	16.0	17.0	18.0	19.0	20.0	21.0	22.0	23.0	24.0	25.0	26.0	27.0	28.0	29.0	30.0	31.0	32.0	33.0	34.0	35.0	36.0	37.0	38.0	39.0	40.0
lane7-s614-index--ACACTCAA-ATAGAGAG-YZ5-4-plexWell96-4_S614_L007_R1_001	1.0	1.0	4.0	7.0	15.0	38.0	92.0	157.0	253.0	484.0	713.0	1012.0	1474.0	1849.0	2570.0	3401.0	4059.0	5024.0	6198.0	7717.0	10543.0	14263.0	21767.0	47399.0	203220.0
	17.0	18.0	19.0	20.0	21.0	22.0	23.0	24.0	25.0	26.0	27.0	28.0	29.0	30.0	31.0	32.0	33.0	34.0	35.0	36.0	37.0	38.0	39.0	40.0
lane7-s615-index--ACTAGCTA-ATAGAGAG-YZ5-5-plexWell96-5_S615_L007_R1_001	1.0	6.0	16.0	38.0	100.0	193.0	326.0	541.0	941.0	1478.0	2061.0	2854.0	3901.0	5123.0	6519.0	7888.0	9516.0	12174.0	15268.0	20172.0	27679.0	42408.0	91421.0	376978.0
	16.0	17.0	18.0	19.0	20.0	21.0	22.0	23.0	24.0	25.0	26.0	27.0	28.0	29.0	30.0	31.0	32.0	33.0	34.0	35.0	36.0	37.0	38.0	39.0	40.0
lane7-s616-index--GATGATTG-ATAGAGAG-ACR-134-1-plexWell96-6_S616_L007_R1_001	6.0	5.0	23.0	53.0	137.0	266.0	403.0	761.0	1163.0	1783.0	2468.0	3294.0	4466.0	5841.0	7256.0	9109.0	11010.0	13438.0	16366.0	20081.0	25858.0	35311.0	52811.0	108831.0	486294.0
	16.0	17.0	18.0	19.0	20.0	21.0	22.0	23.0	24.0	25.0	26.0	27.0	28.0	29.0	30.0	31.0	32.0	33.0	34.0	35.0	36.0	37.0	38.0	39.0	40.0
lane7-s617-index--GCAATCTT-ATAGAGAG-ACR-134-2-plexWell96-7_S617_L007_R1_001	1.0	8.0	18.0	55.0	118.0	251.0	439.0	723.0	1084.0	1688.0	2274.0	3252.0	4263.0	5755.0	7156.0	9025.0	10997.0	13166.0	16456.0	20487.0	25996.0	35199.0	52005.0	105041.0	477669.0
	17.0	18.0	19.0	20.0	21.0	22.0	23.0	24.0	25.0	26.0	27.0	28.0	29.0	30.0	31.0	32.0	33.0	34.0	35.0	36.0	37.0	38.0	39.0	40.0
lane7-s618-index--AGAGTGTC-ATAGAGAG-ACR-134-3-plexWell96-8_S618_L007_R1_001	1.0	1.0	15.0	32.0	66.0	120.0	207.0	288.0	402.0	626.0	801.0	1192.0	1504.0	1903.0	2346.0	2936.0	3644.0	4462.0	5497.0	7322.0	9579.0	14736.0	29781.0	132871.0
	14.0	15.0	16.0	17.0	18.0	19.0	20.0	21.0	22.0	23.0	24.0	25.0	26.0	27.0	28.0	29.0	30.0	31.0	32.0	33.0	34.0	35.0	36.0	37.0	38.0	39.0	40.0
lane7-s619-index--TTAATGCG-ATAGAGAG-ACR-134-4-plexWell96-9_S619_L007_R1_001	1.0	0.0	1.0	4.0	13.0	33.0	90.0	218.0	430.0	652.0	1040.0	1507.0	2198.0	3027.0	3962.0	5196.0	6180.0	7704.0	9266.0	11491.0	13711.0	17568.0	23696.0	34799.0	58664.0	125785.0	169848.0
	16.0	17.0	18.0	19.0	20.0	21.0	22.0	23.0	24.0	25.0	26.0	27.0	28.0	29.0	30.0	31.0	32.0	33.0	34.0	35.0	36.0	37.0	38.0	39.0	40.0
lane7-s620-index--TCCTATAT-ATAGAGAG-ACR-134-5-plexWell96-10_S620_L007_R1_001	3.0	9.0	31.0	66.0	174.0	335.0	622.0	1056.0	1554.0	2297.0	3148.0	4563.0	6142.0	7727.0	9992.0	12355.0	15027.0	18296.0	22362.0	27594.0	35505.0	47668.0	70089.0	139568.0	643808.0
	16.0	17.0	18.0	19.0	20.0	21.0	22.0	23.0	24.0	25.0	26.0	27.0	28.0	29.0	30.0	31.0	32.0	33.0	34.0	35.0	36.0	37.0	38.0	39.0	40.0
lane7-s621-index--CCATATCC-ATAGAGAG-SHI-Plate1-A1-1-plexWell96-11_S621_L007_R1_001	2.0	4.0	12.0	46.0	104.0	209.0	353.0	671.0	1110.0	1810.0	2864.0	4155.0	5679.0	7754.0	9959.0	12671.0	15535.0	19250.0	24432.0	31263.0	41587.0	55842.0	85697.0	186812.0	612126.0
	15.0	16.0	17.0	18.0	19.0	20.0	21.0	22.0	23.0	24.0	25.0	26.0	27.0	28.0	29.0	30.0	31.0	32.0	33.0	34.0	35.0	36.0	37.0	38.0	39.0	40.0
lane7-s622-index--AGCCGACG-ATAGAGAG-SHI-Plate1-A1-2-plexWell96-12_S622_L007_R1_001	1.0	0.0	7.0	15.0	48.0	140.0	248.0	454.0	844.0	1256.0	1910.0	2738.0	3567.0	4697.0	5659.0	7065.0	8623.0	10447.0	13044.0	16936.0	22492.0	30983.0	44053.0	63133.0	89364.0	58196.0
	14.0	15.0	16.0	17.0	18.0	19.0	20.0	21.0	22.0	23.0	24.0	25.0	26.0	27.0	28.0	29.0	30.0	31.0	32.0	33.0	34.0	35.0	36.0	37.0	38.0	39.0	40.0
lane7-s623-index--CGAATTCA-ATAGAGAG-SHI-Plate1-A1-3-plexWell96-13_S623_L007_R1_001	1.0	0.0	1.0	7.0	11.0	38.0	79.0	171.0	282.0	504.0	815.0	1372.0	1978.0	2979.0	4084.0	5357.0	6833.0	8794.0	10814.0	13211.0	16636.0	21720.0	29024.0	40980.0	65515.0	140001.0	309158.0
	17.0	18.0	19.0	20.0	21.0	22.0	23.0	24.0	25.0	26.0	27.0	28.0	29.0	30.0	31.0	32.0	33.0	34.0	35.0	36.0	37.0	38.0	39.0	40.0
lane7-s624-index--GTCAGACC-ATAGAGAG-SHI-Plate1-A1-4-plexWell96-14_S624_L007_R1_001	6.0	10.0	37.0	89.0	189.0	390.0	647.0	1127.0	1958.0	2892.0	4212.0	5719.0	7574.0	9511.0	11914.0	14902.0	18326.0	23216.0	29889.0	40228.0	57594.0	92434.0	197050.0	409024.0
	15.0	16.0	17.0	18.0	19.0	20.0	21.0	22.0	23.0	24.0	25.0	26.0	27.0	28.0	29.0	30.0	31.0	32.0	33.0	34.0	35.0	36.0	37.0	38.0	39.0	40.0
lane7-s625-index--CATTGCCT-ATAGAGAG-SHI-Plate1-A1-5-plexWell96-15_S625_L007_R1_001	1.0	3.0	2.0	19.0	37.0	96.0	184.0	324.0	611.0	931.0	1469.0	2153.0	3111.0	4308.0	5737.0	7199.0	9078.0	11110.0	13638.0	17043.0	21780.0	28499.0	38741.0	59036.0	124056.0	381901.0
	16.0	17.0	18.0	19.0	20.0	21.0	22.0	23.0	24.0	25.0	26.0	27.0	28.0	29.0	30.0	31.0	32.0	33.0	34.0	35.0	36.0	37.0	38.0	39.0	40.0
lane7-s626-index--TAACCGCA-ATAGAGAG-Mock-1-plexWell96-16_S626_L007_R1_001	1.0	2.0	2.0	10.0	35.0	94.0	152.0	293.0	587.0	913.0	1447.0	2140.0	2976.0	4241.0	5442.0	6895.0	8725.0	11009.0	13710.0	17682.0	23313.0	32655.0	50693.0	112093.0	479133.0
	15.0	16.0	17.0	18.0	19.0	20.0	21.0	22.0	23.0	24.0	25.0	26.0	27.0	28.0	29.0	30.0	31.0	32.0	33.0	34.0	35.0	36.0	37.0	38.0	39.0	40.0
lane7-s627-index--GCGCGAAG-ATAGAGAG-Mock-2-plexWell96-17_S627_L007_R1_001	1.0	0.0	3.0	1.0	10.0	16.0	39.0	79.0	138.0	230.0	441.0	623.0	1011.0	1476.0	1898.0	2593.0	3234.0	4315.0	5151.0	6654.0	8431.0	11165.0	15633.0	24362.0	53828.0	220596.0
	14.0	15.0	16.0	17.0	18.0	19.0	20.0	21.0	22.0	23.0	24.0	25.0	26.0	27.0	28.0	29.0	30.0	31.0	32.0	33.0	34.0	35.0	36.0	37.0	38.0	39.0	40.0
lane7-s628-index--AACACGTG-ATAGAGAG-Mock-3-plexWell96-18_S628_L007_R1_001	1.0	0.0	4.0	3.0	12.0	28.0	40.0	118.0	222.0	436.0	687.0	1229.0	1901.0	2818.0	4141.0	5528.0	7190.0	9254.0	11296.0	14266.0	17670.0	22769.0	30051.0	41123.0	63650.0	139938.0	609120.0
	16.0	17.0	18.0	19.0	20.0	21.0	22.0	23.0	24.0	25.0	26.0	27.0	28.0	29.0	30.0	31.0	32.0	33.0	34.0	35.0	36.0	37.0	38.0	39.0	40.0
lane7-s629-index--GTAGTCAC-ATAGAGAG-Mock-4-plexWell96-19_S629_L007_R1_001	1.0	3.0	10.0	10.0	31.0	85.0	177.0	344.0	569.0	997.0	1546.0	2353.0	3424.0	4491.0	5884.0	7569.0	9319.0	11641.0	14381.0	18193.0	23901.0	32735.0	50168.0	110095.0	484565.0
	16.0	17.0	18.0	19.0	20.0	21.0	22.0	23.0	24.0	25.0	26.0	27.0	28.0	29.0	30.0	31.0	32.0	33.0	34.0	35.0	36.0	37.0	38.0	39.0	40.0
lane7-s630-index--GAGTTCTC-ATAGAGAG-Mock-5-plexWell96-20_S630_L007_R1_001	2.0	8.0	6.0	22.0	58.0	136.0	295.0	562.0	963.0	1723.0	2735.0	4324.0	6367.0	8930.0	12155.0	16168.0	20731.0	27151.0	34701.0	45717.0	62094.0	87622.0	139894.0	317449.0	1207902.0
	16.0	17.0	18.0	19.0	20.0	21.0	22.0	23.0	24.0	25.0	26.0	27.0	28.0	29.0	30.0	31.0	32.0	33.0	34.0	35.0	36.0	37.0	38.0	39.0	40.0
lane7-s631-index--GTGAGGAA-ATAGAGAG-YZ5-1-plexWell96-21_S631_L007_R1_001	1.0	0.0	5.0	23.0	26.0	55.0	116.0	232.0	435.0	671.0	1017.0	1487.0	2020.0	2821.0	3624.0	4749.0	5739.0	7239.0	8951.0	11636.0	15459.0	21261.0	33243.0	72351.0	298869.0
	14.0	15.0	16.0	17.0	18.0	19.0	20.0	21.0	22.0	23.0	24.0	25.0	26.0	27.0	28.0	29.0	30.0	31.0	32.0	33.0	34.0	35.0	36.0	37.0	38.0	39.0	40.0
lane7-s632-index--GATTCGTA-ATAGAGAG-YZ5-2-plexWell96-22_S632_L007_R1_001	1.0	0.0	1.0	2.0	13.0	29.0	37.0	93.0	148.0	287.0	519.0	808.0	1265.0	1884.0	2627.0	3598.0	4683.0	5816.0	7283.0	9047.0	11099.0	14199.0	18643.0	25973.0	39876.0	85845.0	355625.0
	12.0	13.0	14.0	15.0	16.0	17.0	18.0	19.0	20.0	21.0	22.0	23.0	24.0	25.0	26.0	27.0	28.0	29.0	30.0	31.0	32.0	33.0	34.0	35.0	36.0	37.0	38.0	39.0	40.0
lane7-s633-index--GATGCAAT-ATAGAGAG-YZ5-3-plexWell96-23_S633_L007_R1_001	1.0	0.0	0.0	0.0	1.0	2.0	15.0	19.0	56.0	117.0	215.0	378.0	702.0	1111.0	1725.0	2540.0	3538.0	4633.0	6002.0	7563.0	9428.0	11677.0	14153.0	17680.0	23144.0	31655.0	48411.0	104068.0	444651.0
	17.0	18.0	19.0	20.0	21.0	22.0	23.0	24.0	25.0	26.0	27.0	28.0	29.0	30.0	31.0	32.0	33.0	34.0	35.0	36.0	37.0	38.0	39.0	40.0
lane7-s634-index--ACACGGTT-ATAGAGAG-YZ5-4-plexWell96-24_S634_L007_R1_001	5.0	4.0	13.0	38.0	76.0	177.0	317.0	530.0	911.0	1397.0	2024.0	2881.0	3910.0	5125.0	6524.0	7972.0	9893.0	12413.0	15847.0	20873.0	28490.0	44102.0	96704.0	393989.0
	17.0	18.0	19.0	20.0	21.0	22.0	23.0	24.0	25.0	26.0	27.0	28.0	29.0	30.0	31.0	32.0	33.0	34.0	35.0	36.0	37.0	38.0	39.0	40.0
lane7-s635-index--GAGGCTGC-ATAGAGAG-YZ5-5-plexWell96-25_S635_L007_R1_001	3.0	9.0	20.0	54.0	149.0	289.0	529.0	903.0	1504.0	2323.0	3429.0	4729.0	6405.0	8229.0	10303.0	12939.0	16035.0	19876.0	25515.0	34150.0	47041.0	73078.0	161589.0	616284.0
	16.0	17.0	18.0	19.0	20.0	21.0	22.0	23.0	24.0	25.0	26.0	27.0	28.0	29.0	30.0	31.0	32.0	33.0	34.0	35.0	36.0	37.0	38.0	39.0	40.0
lane7-s636-index--ACAGTTCG-ATAGAGAG-ACR-134-1-plexWell96-26_S636_L007_R1_001	2.0	4.0	16.0	58.0	142.0	322.0	611.0	902.0	1440.0	2153.0	2979.0	4297.0	5674.0	7399.0	9145.0	11236.0	13545.0	16956.0	20806.0	26474.0	35532.0	52095.0	88389.0	185747.0	245254.0
	15.0	16.0	17.0	18.0	19.0	20.0	21.0	22.0	23.0	24.0	25.0	26.0	27.0	28.0	29.0	30.0	31.0	32.0	33.0	34.0	35.0	36.0	37.0	38.0	39.0	40.0
lane7-s637-index--CGGAGATA-ATAGAGAG-ACR-134-2-plexWell96-27_S637_L007_R1_001	1.0	1.0	2.0	16.0	56.0	106.0	225.0	390.0	684.0	971.0	1398.0	1939.0	2802.0	3701.0	5065.0	6333.0	7660.0	9530.0	11744.0	14441.0	18206.0	23629.0	32810.0	50631.0	108754.0	369205.0
	16.0	17.0	18.0	19.0	20.0	21.0	22.0	23.0	24.0	25.0	26.0	27.0	28.0	29.0	30.0	31.0	32.0	33.0	34.0	35.0	36.0	37.0	38.0	39.0	40.0
lane7-s638-index--TCGCCAGC-ATAGAGAG-ACR-134-3-plexWell96-28_S638_L007_R1_001	2.0	7.0	23.0	51.0	115.0	287.0	513.0	849.0	1254.0	1811.0	2558.0	3564.0	4461.0	5899.0	7459.0	9189.0	11283.0	13761.0	17350.0	21394.0	28058.0	38422.0	58285.0	119278.0	570497.0
	17.0	18.0	19.0	20.0	21.0	22.0	23.0	24.0	25.0	26.0	27.0	28.0	29.0	30.0	31.0	32.0	33.0	34.0	35.0	36.0	37.0	38.0	39.0	40.0
lane7-s639-index--TGCACTGT-ATAGAGAG-ACR-134-4-plexWell96-29_S639_L007_R1_001	5.0	9.0	24.0	72.0	138.0	254.0	386.0	648.0	938.0	1344.0	1847.0	2394.0	3212.0	3985.0	4885.0	5987.0	7331.0	8791.0	11068.0	14445.0	19490.0	29174.0	59224.0	279405.0
	16.0	17.0	18.0	19.0	20.0	21.0	22.0	23.0	24.0	25.0	26.0	27.0	28.0	29.0	30.0	31.0	32.0	33.0	34.0	35.0	36.0	37.0	38.0	39.0	40.0
lane7-s640-index--GTACGCGA-ATAGAGAG-ACR-134-5-plexWell96-30_S640_L007_R1_001	2.0	8.0	30.0	107.0	229.0	457.0	848.0	1377.0	2130.0	3098.0	4266.0	5965.0	7967.0	10424.0	13151.0	16241.0	19941.0	24191.0	29969.0	37428.0	48395.0	65971.0	98935.0	202500.0	876278.0
	12.0	13.0	14.0	15.0	16.0	17.0	18.0	19.0	20.0	21.0	22.0	23.0	24.0	25.0	26.0	27.0	28.0	29.0	30.0	31.0	32.0	33.0	34.0	35.0	36.0	37.0	38.0	39.0	40.0
lane7-s641-index--CTATCCGG-ATAGAGAG-SHI-Plate1-A1-1-plexWell96-31_S641_L007_R1_001	1.0	0.0	0.0	0.0	1.0	5.0	23.0	65.0	159.0	313.0	558.0	959.0	1606.0	2541.0	3948.0	5585.0	7807.0	10209.0	13242.0	16543.0	20289.0	24810.0	31003.0	39697.0	51399.0	70698.0	109397.0	240459.0	753401.0
	16.0	17.0	18.0	19.0	20.0	21.0	22.0	23.0	24.0	25.0	26.0	27.0	28.0	29.0	30.0	31.0	32.0	33.0	34.0	35.0	36.0	37.0	38.0	39.0	40.0
lane7-s642-index--CTTAGAGT-ATAGAGAG-SHI-Plate1-A1-2-plexWell96-32_S642_L007_R1_001	3.0	4.0	29.0	60.0	156.0	263.0	558.0	892.0	1463.0	2279.0	3390.0	5004.0	7053.0	9227.0	11967.0	15246.0	18905.0	23237.0	28790.0	37513.0	48900.0	66451.0	102337.0	223671.0	700582.0
	16.0	17.0	18.0	19.0	20.0	21.0	22.0	23.0	24.0	25.0	26.0	27.0	28.0	29.0	30.0	31.0	32.0	33.0	34.0	35.0	36.0	37.0	38.0	39.0	40.0
lane7-s643-index--CAAGGACC-ATAGAGAG-SHI-Plate1-A1-3-plexWell96-33_S643_L007_R1_001	2.0	7.0	20.0	44.0	119.0	202.0	394.0	762.0	1306.0	2176.0	3365.0	4912.0	6807.0	9012.0	11981.0	15052.0	18777.0	23445.0	29543.0	38950.0	51393.0	70934.0	109461.0	242558.0	805287.0
	15.0	16.0	17.0	18.0	19.0	20.0	21.0	22.0	23.0	24.0	25.0	26.0	27.0	28.0	29.0	30.0	31.0	32.0	33.0	34.0	35.0	36.0	37.0	38.0	39.0	40.0
lane7-s644-index--AGACAGAG-ATAGAGAG-SHI-Plate1-A1-4-plexWell96-34_S644_L007_R1_001	1.0	0.0	0.0	2.0	5.0	6.0	4.0	25.0	49.0	58.0	109.0	172.0	261.0	372.0	498.0	608.0	775.0	996.0	1226.0	1580.0	2011.0	2652.0	3594.0	5319.0	11752.0	44546.0
	17.0	18.0	19.0	20.0	21.0	22.0	23.0	24.0	25.0	26.0	27.0	28.0	29.0	30.0	31.0	32.0	33.0	34.0	35.0	36.0	37.0	38.0	39.0	40.0
lane7-s645-index--TCGGATCA-ATAGAGAG-SHI-Plate1-A1-5-plexWell96-35_S645_L007_R1_001	4.0	9.0	22.0	28.0	79.0	161.0	254.0	426.0	731.0	1058.0	1434.0	2032.0	2684.0	3584.0	4387.0	5591.0	6972.0	8648.0	11466.0	15331.0	20917.0	32186.0	67935.0	187040.0
	16.0	17.0	18.0	19.0	20.0	21.0	22.0	23.0	24.0	25.0	26.0	27.0	28.0	29.0	30.0	31.0	32.0	33.0	34.0	35.0	36.0	37.0	38.0	39.0	40.0
lane7-s646-index--TAATGGAC-ATAGAGAG-Mock-1-plexWell96-36_S646_L007_R1_001	1.0	0.0	7.0	9.0	21.0	80.0	154.0	271.0	510.0	829.0	1281.0	2009.0	2791.0	3755.0	4915.0	6404.0	7721.0	9494.0	11915.0	15365.0	19739.0	27418.0	42305.0	93260.0	410546.0
	16.0	17.0	18.0	19.0	20.0	21.0	22.0	23.0	24.0	25.0	26.0	27.0	28.0	29.0	30.0	31.0	32.0	33.0	34.0	35.0	36.0	37.0	38.0	39.0	40.0
lane7-s647-index--TAGCAACT-ATAGAGAG-Mock-2-plexWell96-37_S647_L007_R1_001	2.0	1.0	5.0	15.0	46.0	88.0	195.0	369.0	611.0	1027.0	1534.0	2315.0	3384.0	4580.0	6152.0	7675.0	9403.0	12021.0	14769.0	18764.0	24507.0	34351.0	53826.0	119476.0	467694.0
	16.0	17.0	18.0	19.0	20.0	21.0	22.0	23.0	24.0	25.0	26.0	27.0	28.0	29.0	30.0	31.0	32.0	33.0	34.0	35.0	36.0	37.0	38.0	39.0	40.0
lane7-s648-index--ATAGCACA-ATAGAGAG-Mock-3-plexWell96-38_S648_L007_R1_001	1.0	2.0	2.0	15.0	21.0	70.0	136.0	272.0	470.0	727.0	1174.0	1632.0	2458.0	3224.0	4252.0	5318.0	6819.0	8513.0	10281.0	13435.0	17656.0	24102.0	37670.0	82508.0	344504.0
	17.0	18.0	19.0	20.0	21.0	22.0	23.0	24.0	25.0	26.0	27.0	28.0	29.0	30.0	31.0	32.0	33.0	34.0	35.0	36.0	37.0	38.0	39.0	40.0
lane7-s649-index--ATCAACCG-ATAGAGAG-Mock-4-plexWell96-39_S649_L007_R1_001	2.0	6.0	19.0	59.0	111.0	214.0	460.0	736.0	1284.0	1998.0	2834.0	3613.0	4644.0	5891.0	7289.0	8984.0	10984.0	13578.0	18082.0	25824.0	38252.0	64414.0	125171.0	121992.0
	15.0	16.0	17.0	18.0	19.0	20.0	21.0	22.0	23.0	24.0	25.0	26.0	27.0	28.0	29.0	30.0	31.0	32.0	33.0	34.0	35.0	36.0	37.0	38.0	39.0	40.0
lane7-s650-index--TTCCTCAT-ATAGAGAG-Mock-5-plexWell96-40_S650_L007_R1_001	1.0	2.0	6.0	17.0	40.0	123.0	195.0	415.0	767.0	1358.0	2227.0	3688.0	5601.0	7985.0	10926.0	14445.0	18242.0	23024.0	28519.0	35431.0	45315.0	59290.0	81466.0	126282.0	274722.0	1127893.0
	15.0	16.0	17.0	18.0	19.0	20.0	21.0	22.0	23.0	24.0	25.0	26.0	27.0	28.0	29.0	30.0	31.0	32.0	33.0	34.0	35.0	36.0	37.0	38.0	39.0	40.0
lane7-s651-index--AGCTACGT-ATAGAGAG-YZ5-1-plexWell96-41_S651_L007_R1_001	1.0	0.0	2.0	2.0	14.0	32.0	65.0	105.0	236.0	354.0	611.0	958.0	1374.0	1910.0	2593.0	3245.0	4134.0	5108.0	6181.0	7701.0	9610.0	12712.0	17483.0	27420.0	59815.0	229421.0
	13.0	14.0	15.0	16.0	17.0	18.0	19.0	20.0	21.0	22.0	23.0	24.0	25.0	26.0	27.0	28.0	29.0	30.0	31.0	32.0	33.0	34.0	35.0	36.0	37.0	38.0	39.0	40.0
lane7-s652-index--ATTCCATC-ATAGAGAG-YZ5-2-plexWell96-42_S652_L007_R1_001	1.0	0.0	0.0	0.0	2.0	2.0	9.0	27.0	69.0	126.0	249.0	384.0	650.0	1121.0	1582.0	2129.0	2988.0	3769.0	4872.0	6082.0	7544.0	9271.0	11735.0	15582.0	21459.0	32698.0	71109.0	294561.0
	13.0	14.0	15.0	16.0	17.0	18.0	19.0	20.0	21.0	22.0	23.0	24.0	25.0	26.0	27.0	28.0	29.0	30.0	31.0	32.0	33.0	34.0	35.0	36.0	37.0	38.0	39.0	40.0
lane7-s653-index--GTTGTAGG-ATAGAGAG-YZ5-3-plexWell96-43_S653_L007_R1_001	1.0	0.0	0.0	2.0	2.0	5.0	16.0	41.0	77.0	139.0	279.0	400.0	746.0	1041.0	1544.0	2237.0	2767.0	3780.0	4741.0	5812.0	7309.0	8989.0	11494.0	15168.0	20915.0	32277.0	71624.0	297457.0
	15.0	16.0	17.0	18.0	19.0	20.0	21.0	22.0	23.0	24.0	25.0	26.0	27.0	28.0	29.0	30.0	31.0	32.0	33.0	34.0	35.0	36.0	37.0	38.0	39.0	40.0
lane7-s654-index--TGTGACTA-ATAGAGAG-YZ5-4-plexWell96-44_S654_L007_R1_001	1.0	0.0	3.0	8.0	17.0	38.0	51.0	121.0	255.0	437.0	668.0	1055.0	1600.0	2271.0	2961.0	3872.0	4996.0	5993.0	7300.0	9175.0	11586.0	15556.0	21377.0	32481.0	71010.0	306929.0
	14.0	15.0	16.0	17.0	18.0	19.0	20.0	21.0	22.0	23.0	24.0	25.0	26.0	27.0	28.0	29.0	30.0	31.0	32.0	33.0	34.0	35.0	36.0	37.0	38.0	39.0	40.0
lane7-s655-index--CGAAACGC-ATAGAGAG-YZ5-5-plexWell96-45_S655_L007_R1_001	1.0	0.0	1.0	5.0	3.0	22.0	56.0	90.0	215.0	386.0	696.0	1014.0	1743.0	2505.0	3440.0	4728.0	6000.0	7662.0	9127.0	11675.0	14698.0	18798.0	25266.0	36249.0	57556.0	130836.0	406362.0
	13.0	14.0	15.0	16.0	17.0	18.0	19.0	20.0	21.0	22.0	23.0	24.0	25.0	26.0	27.0	28.0	29.0	30.0	31.0	32.0	33.0	34.0	35.0	36.0	37.0	38.0	39.0	40.0
lane7-s656-index--GTGTGATT-ATAGAGAG-ACR-134-1-plexWell96-46_S656_L007_R1_001	1.0	0.0	1.0	3.0	4.0	26.0	77.0	162.0	308.0	517.0	899.0	1345.0	2047.0	2779.0	3933.0	5254.0	6982.0	8574.0	10823.0	12971.0	16166.0	19623.0	24351.0	31037.0	42023.0	62188.0	125593.0	582482.0
	17.0	18.0	19.0	20.0	21.0	22.0	23.0	24.0	25.0	26.0	27.0	28.0	29.0	30.0	31.0	32.0	33.0	34.0	35.0	36.0	37.0	38.0	39.0	40.0
lane7-s657-index--AGGCTGGA-ATAGAGAG-ACR-134-2-plexWell96-47_S657_L007_R1_001	3.0	3.0	8.0	24.0	70.0	92.0	146.0	281.0	343.0	532.0	714.0	996.0	1231.0	1585.0	1938.0	2532.0	3081.0	3674.0	4586.0	5952.0	8308.0	12435.0	25593.0	121488.0
	17.0	18.0	19.0	20.0	21.0	22.0	23.0	24.0	25.0	26.0	27.0	28.0	29.0	30.0	31.0	32.0	33.0	34.0	35.0	36.0	37.0	38.0	39.0	40.0
lane7-s658-index--CGTGCTGG-ATAGAGAG-ACR-134-3-plexWell96-48_S658_L007_R1_001	8.0	20.0	49.0	147.0	350.0	597.0	1048.0	1619.0	2365.0	3227.0	4323.0	5775.0	7285.0	9397.0	11558.0	14147.0	17041.0	20983.0	26196.0	33777.0	46858.0	70662.0	149890.0	622924.0
	16.0	17.0	18.0	19.0	20.0	21.0	22.0	23.0	24.0	25.0	26.0	27.0	28.0	29.0	30.0	31.0	32.0	33.0	34.0	35.0	36.0	37.0	38.0	39.0	40.0
lane7-s659-index--AATAGGAT-ATAGAGAG-ACR-134-4-plexWell96-49_S659_L007_R1_001	1.0	4.0	20.0	40.0	97.0	193.0	335.0	546.0	834.0	1216.0	1796.0	2317.0	3286.0	4197.0	5240.0	6674.0	8148.0	9921.0	12122.0	15023.0	19268.0	26113.0	38962.0	79489.0	371870.0
	17.0	18.0	19.0	20.0	21.0	22.0	23.0	24.0	25.0	26.0	27.0	28.0	29.0	30.0	31.0	32.0	33.0	34.0	35.0	36.0	37.0	38.0	39.0	40.0
lane7-s660-index--CGTCTGCC-ATAGAGAG-ACR-134-5-plexWell96-50_S660_L007_R1_001	5.0	14.0	64.0	148.0	302.0	626.0	1018.0	1571.0	2329.0	3184.0	4392.0	5890.0	7538.0	9300.0	11698.0	14503.0	17840.0	21733.0	27219.0	35162.0	48126.0	72595.0	147689.0	640396.0
	17.0	18.0	19.0	20.0	21.0	22.0	23.0	24.0	25.0	26.0	27.0	28.0	29.0	30.0	31.0	32.0	33.0	34.0	35.0	36.0	37.0	38.0	39.0	40.0
lane7-s661-index--GAATCTAG-ATAGAGAG-SHI-Plate1-A1-1-plexWell96-51_S661_L007_R1_001	5.0	15.0	38.0	105.0	203.0	356.0	669.0	1076.0	1740.0	2698.0	3898.0	5237.0	6951.0	9137.0	11332.0	14229.0	17605.0	21949.0	28071.0	36427.0	49850.0	77422.0	168250.0	514448.0
	15.0	16.0	17.0	18.0	19.0	20.0	21.0	22.0	23.0	24.0	25.0	26.0	27.0	28.0	29.0	30.0	31.0	32.0	33.0	34.0	35.0	36.0	37.0	38.0	39.0	40.0
lane7-s662-index--ATGCGTCA-ATAGAGAG-SHI-Plate1-A1-2-plexWell96-52_S662_L007_R1_001	1.0	1.0	9.0	16.0	48.0	114.0	162.0	305.0	584.0	918.0	1521.0	2178.0	3248.0	4537.0	5914.0	7850.0	9884.0	12455.0	15251.0	18835.0	24825.0	32206.0	44586.0	68978.0	148945.0	475655.0
	14.0	15.0	16.0	17.0	18.0	19.0	20.0	21.0	22.0	23.0	24.0	25.0	26.0	27.0	28.0	29.0	30.0	31.0	32.0	33.0	34.0	35.0	36.0	37.0	38.0	39.0	40.0
lane7-s663-index--GCAAGTAC-ATAGAGAG-SHI-Plate1-A1-3-plexWell96-53_S663_L007_R1_001	1.0	0.0	2.0	1.0	17.0	61.0	116.0	223.0	417.0	798.0	1355.0	2168.0	3313.0	4720.0	6349.0	8656.0	10947.0	14233.0	17421.0	21229.0	26684.0	34186.0	45028.0	61361.0	94179.0	205148.0	656310.0
	17.0	18.0	19.0	20.0	21.0	22.0	23.0	24.0	25.0	26.0	27.0	28.0	29.0	30.0	31.0	32.0	33.0	34.0	35.0	36.0	37.0	38.0	39.0	40.0
lane7-s664-index--ACTGACCT-ATAGAGAG-SHI-Plate1-A1-4-plexWell96-54_S664_L007_R1_001	3.0	9.0	47.0	72.0	144.0	275.0	473.0	824.0	1244.0	1870.0	2707.0	3798.0	5042.0	6477.0	8333.0	9980.0	12494.0	15880.0	20052.0	26331.0	36205.0	55841.0	118802.0	377381.0
	16.0	17.0	18.0	19.0	20.0	21.0	22.0	23.0	24.0	25.0	26.0	27.0	28.0	29.0	30.0	31.0	32.0	33.0	34.0	35.0	36.0	37.0	38.0	39.0	40.0
lane7-s665-index--GAAGACCA-ATAGAGAG-SHI-Plate1-A1-5-plexWell96-55_S665_L007_R1_001	3.0	14.0	28.0	65.0	129.0	240.0	446.0	812.0	1325.0	1953.0	3089.0	4463.0	6158.0	8324.0	10837.0	13887.0	17326.0	21601.0	27043.0	35375.0	46245.0	63538.0	98551.0	213205.0	676573.0
	15.0	16.0	17.0	18.0	19.0	20.0	21.0	22.0	23.0	24.0	25.0	26.0	27.0	28.0	29.0	30.0	31.0	32.0	33.0	34.0	35.0	36.0	37.0	38.0	39.0	40.0
lane7-s666-index--CAGAAGCG-ATAGAGAG-Mock-1-plexWell96-56_S666_L007_R1_001	1.0	1.0	2.0	9.0	25.0	65.0	201.0	377.0	710.0	1150.0	1900.0	2968.0	4074.0	5791.0	7779.0	9813.0	12371.0	15331.0	19011.0	23703.0	30403.0	41689.0	61397.0	103011.0	221915.0	404341.0
	17.0	18.0	19.0	20.0	21.0	22.0	23.0	24.0	25.0	26.0	27.0	28.0	29.0	30.0	31.0	32.0	33.0	34.0	35.0	36.0	37.0	38.0	39.0	40.0
lane7-s667-index--AGCTCTAC-ATAGAGAG-Mock-2-plexWell96-57_S667_L007_R1_001	1.0	1.0	7.0	10.0	25.0	45.0	78.0	169.0	215.0	358.0	523.0	766.0	1040.0	1388.0	1587.0	2068.0	2603.0	3191.0	4108.0	5525.0	7345.0	11266.0	24455.0	107144.0
	16.0	17.0	18.0	19.0	20.0	21.0	22.0	23.0	24.0	25.0	26.0	27.0	28.0	29.0	30.0	31.0	32.0	33.0	34.0	35.0	36.0	37.0	38.0	39.0	40.0
lane7-s668-index--CCACTACT-ATAGAGAG-Mock-3-plexWell96-58_S668_L007_R1_001	2.0	1.0	7.0	14.0	49.0	102.0	210.0	392.0	633.0	1157.0	1768.0	2568.0	3732.0	5021.0	6639.0	8418.0	10473.0	12860.0	15716.0	20662.0	26734.0	36932.0	56678.0	123796.0	524632.0
	16.0	17.0	18.0	19.0	20.0	21.0	22.0	23.0	24.0	25.0	26.0	27.0	28.0	29.0	30.0	31.0	32.0	33.0	34.0	35.0	36.0	37.0	38.0	39.0	40.0
lane7-s669-index--GACCTACA-ATAGAGAG-Mock-4-plexWell96-59_S669_L007_R1_001	1.0	2.0	4.0	23.0	73.0	154.0	281.0	563.0	941.0	1524.0	2211.0	3008.0	3992.0	5346.0	6984.0	8702.0	11372.0	15349.0	20644.0	29115.0	41402.0	59458.0	83659.0	104916.0	49158.0
	17.0	18.0	19.0	20.0	21.0	22.0	23.0	24.0	25.0	26.0	27.0	28.0	29.0	30.0	31.0	32.0	33.0	34.0	35.0	36.0	37.0	38.0	39.0	40.0
lane7-s670-index--CACGTCCG-ATAGAGAG-Mock-5-plexWell96-60_S670_L007_R1_001	3.0	20.0	71.0	182.0	456.0	1036.0	1990.0	3422.0	5577.0	8371.0	11708.0	15763.0	20221.0	25567.0	31629.0	38659.0	47590.0	61207.0	81682.0	114566.0	168922.0	268997.0	465045.0	402879.0

