	10.0	11.0	12.0	13.0	14.0	15.0	16.0	17.0	18.0	19.0	20.0	21.0	22.0	23.0	24.0	25.0	26.0	27.0	28.0	29.0	30.0	31.0	32.0	33.0	34.0	35.0	36.0	37.0	38.0	39.0	40.0
lane7-s014-indexRPI2-CGATGT-YZ5-1-NEXTFLEXRapidXP_S14_L007_R2_001	1.0	7.0	157.0	930.0	2574.0	5628.0	11681.0	18731.0	22789.0	25911.0	29000.0	31558.0	35815.0	39759.0	45460.0	54706.0	59232.0	62304.0	68355.0	76407.0	84511.0	95331.0	109150.0	125631.0	147278.0	177834.0	222678.0	293218.0	421415.0	686208.0	670386.0
	11.0	12.0	13.0	14.0	15.0	16.0	17.0	18.0	19.0	20.0	21.0	22.0	23.0	24.0	25.0	26.0	27.0	28.0	29.0	30.0	31.0	32.0	33.0	34.0	35.0	36.0	37.0	38.0	39.0	40.0
lane7-s015-indexRPI4-TGACCA-YZ5-2-NEXTFLEXRapidXP_S15_L007_R2_001	4.0	119.0	959.0	2826.0	6370.0	13247.0	21140.0	26023.0	28887.0	31726.0	35221.0	39410.0	44577.0	49600.0	57070.0	63062.0	68796.0	75795.0	84641.0	93419.0	105128.0	118775.0	136887.0	160709.0	195164.0	242281.0	321061.0	461452.0	764867.0	811411.0
	11.0	12.0	13.0	14.0	15.0	16.0	17.0	18.0	19.0	20.0	21.0	22.0	23.0	24.0	25.0	26.0	27.0	28.0	29.0	30.0	31.0	32.0	33.0	34.0	35.0	36.0	37.0	38.0	39.0	40.0
lane7-s016-indexRPI5-ACAGTG-YZ5-3-NEXTFLEXRapidXP_S16_L007_R2_001	5.0	130.0	825.0	2369.0	5706.0	11763.0	18333.0	22135.0	24301.0	26467.0	29069.0	32206.0	35895.0	39901.0	46232.0	49749.0	53552.0	58091.0	63559.0	70658.0	78914.0	89015.0	101074.0	118229.0	142133.0	174773.0	227614.0	319398.0	497593.0	437872.0
	10.0	11.0	12.0	13.0	14.0	15.0	16.0	17.0	18.0	19.0	20.0	21.0	22.0	23.0	24.0	25.0	26.0	27.0	28.0	29.0	30.0	31.0	32.0	33.0	34.0	35.0	36.0	37.0	38.0	39.0	40.0
lane7-s017-indexRPI6-GCCAAT-YZ5-4-NEXTFLEXRapidXP_S17_L007_R2_001	1.0	7.0	98.0	842.0	2251.0	4484.0	8619.0	14119.0	17694.0	18962.0	20900.0	23156.0	26536.0	29484.0	33582.0	42215.0	44328.0	44700.0	48950.0	53750.0	60018.0	67531.0	76097.0	88316.0	103595.0	124822.0	156388.0	205479.0	294159.0	486891.0	554187.0
	11.0	12.0	13.0	14.0	15.0	16.0	17.0	18.0	19.0	20.0	21.0	22.0	23.0	24.0	25.0	26.0	27.0	28.0	29.0	30.0	31.0	32.0	33.0	34.0	35.0	36.0	37.0	38.0	39.0	40.0
lane7-s018-indexRPI7-CAGATC-YZ5-5-NEXTFLEXRapidXP_S18_L007_R2_001	4.0	62.0	331.0	1171.0	2618.0	5126.0	7800.0	9722.0	11083.0	12760.0	14651.0	17177.0	20346.0	23700.0	27983.0	31181.0	34127.0	38392.0	43519.0	49371.0	56817.0	66372.0	78851.0	95769.0	118045.0	153383.0	211227.0	321809.0	586509.0	628079.0
	11.0	12.0	13.0	14.0	15.0	16.0	17.0	18.0	19.0	20.0	21.0	22.0	23.0	24.0	25.0	26.0	27.0	28.0	29.0	30.0	31.0	32.0	33.0	34.0	35.0	36.0	37.0	38.0	39.0	40.0
lane7-s019-indexRPI12-CTTGTA-ACR-134-1-NEXTFLEXRapidXP_S19_L007_R2_001	5.0	104.0	646.0	1762.0	3883.0	7833.0	12557.0	15504.0	17068.0	18739.0	21453.0	25100.0	28813.0	34297.0	43239.0	47888.0	49015.0	52686.0	55763.0	58448.0	62503.0	68144.0	75126.0	85139.0	97957.0	116871.0	146992.0	202036.0	331222.0	390846.0
	11.0	12.0	13.0	14.0	15.0	16.0	17.0	18.0	19.0	20.0	21.0	22.0	23.0	24.0	25.0	26.0	27.0	28.0	29.0	30.0	31.0	32.0	33.0	34.0	35.0	36.0	37.0	38.0	39.0	40.0
lane7-s020-indexRPI1-ATCACG-ACR-134-2-NEXTFLEXRapidXP_S20_L007_R2_001	5.0	99.0	663.0	1345.0	2458.0	4805.0	7827.0	10507.0	12806.0	14861.0	16863.0	19498.0	22066.0	25282.0	31932.0	34111.0	36532.0	40062.0	44219.0	47578.0	50813.0	55223.0	60492.0	68115.0	78355.0	92794.0	115111.0	158025.0	259926.0	364102.0
	11.0	12.0	13.0	14.0	15.0	16.0	17.0	18.0	19.0	20.0	21.0	22.0	23.0	24.0	25.0	26.0	27.0	28.0	29.0	30.0	31.0	32.0	33.0	34.0	35.0	36.0	37.0	38.0	39.0	40.0
lane7-s021-index-TTAGGC-ACR-134-3-NEXTFLEXRapidXP_S21_L007_R2_001	3.0	73.0	398.0	1172.0	3281.0	7324.0	11926.0	15135.0	16622.0	18602.0	21085.0	24710.0	29913.0	35538.0	40751.0	44152.0	46429.0	50865.0	53871.0	55740.0	60040.0	65131.0	73210.0	82890.0	96816.0	117545.0	149201.0	208624.0	324583.0	265208.0
	10.0	11.0	12.0	13.0	14.0	15.0	16.0	17.0	18.0	19.0	20.0	21.0	22.0	23.0	24.0	25.0	26.0	27.0	28.0	29.0	30.0	31.0	32.0	33.0	34.0	35.0	36.0	37.0	38.0	39.0	40.0
lane7-s022-indexRPI8-ACTTGA-ACR-134-4-NEXTFLEXRapidXP_S22_L007_R2_001	1.0	1.0	66.0	411.0	1222.0	2883.0	5737.0	9409.0	11707.0	12901.0	14285.0	16360.0	19506.0	23156.0	27336.0	38338.0	39924.0	36576.0	39023.0	40656.0	41981.0	44447.0	48116.0	52707.0	59648.0	68711.0	82501.0	103452.0	142845.0	234250.0	264300.0
	11.0	12.0	13.0	14.0	15.0	16.0	17.0	18.0	19.0	20.0	21.0	22.0	23.0	24.0	25.0	26.0	27.0	28.0	29.0	30.0	31.0	32.0	33.0	34.0	35.0	36.0	37.0	38.0	39.0	40.0
lane7-s023-indexRPI9-GATCAG-ACR-134-5-NEXTFLEXRapidXP_S23_L007_R2_001	2.0	44.0	219.0	784.0	2030.0	4205.0	7134.0	9316.0	10997.0	12659.0	15253.0	18266.0	21782.0	26379.0	36854.0	42150.0	43113.0	47126.0	51126.0	53720.0	57962.0	63276.0	70774.0	81120.0	95302.0	117732.0	153500.0	223054.0	389466.0	424149.0
	11.0	12.0	13.0	14.0	15.0	16.0	17.0	18.0	19.0	20.0	21.0	22.0	23.0	24.0	25.0	26.0	27.0	28.0	29.0	30.0	31.0	32.0	33.0	34.0	35.0	36.0	37.0	38.0	39.0	40.0
lane7-s024-indexRPI10-TAGCTT-SHI-Plate1-A1-1-NEXTFLEXRapidXP_S24_L007_R2_001	22.0	248.0	1770.0	4815.0	9321.0	16359.0	24827.0	32061.0	37668.0	43281.0	48886.0	55154.0	61835.0	69779.0	81204.0	88928.0	93385.0	102142.0	112290.0	125385.0	141475.0	159762.0	183983.0	215448.0	258489.0	320719.0	415232.0	576149.0	895581.0	832439.0
	11.0	12.0	13.0	14.0	15.0	16.0	17.0	18.0	19.0	20.0	21.0	22.0	23.0	24.0	25.0	26.0	27.0	28.0	29.0	30.0	31.0	32.0	33.0	34.0	35.0	36.0	37.0	38.0	39.0	40.0
lane7-s025-indexRPI11-GGCTAC-SHI-Plate1-A1-2-NEXTFLEXRapidXP_S25_L007_R2_001	7.0	210.0	1592.0	4552.0	9517.0	17636.0	25797.0	32293.0	37515.0	42188.0	47377.0	52388.0	57625.0	63654.0	70982.0	77204.0	83098.0	91134.0	99211.0	110572.0	122452.0	137890.0	157734.0	182219.0	216010.0	264338.0	335448.0	452046.0	654970.0	506238.0
	10.0	11.0	12.0	13.0	14.0	15.0	16.0	17.0	18.0	19.0	20.0	21.0	22.0	23.0	24.0	25.0	26.0	27.0	28.0	29.0	30.0	31.0	32.0	33.0	34.0	35.0	36.0	37.0	38.0	39.0	40.0
lane7-s026-indexRPI25-ACTGAT-SHI-Plate1-A1-3-NEXTFLEXRapidXP_S26_L007_R2_001	2.0	19.0	195.0	1396.0	3877.0	7777.0	14845.0	22958.0	29695.0	35123.0	40519.0	46105.0	51246.0	57965.0	64796.0	76066.0	83719.0	85417.0	92725.0	101918.0	112496.0	125491.0	141183.0	161834.0	188564.0	225252.0	276674.0	357018.0	496485.0	779543.0	811119.0
	10.0	11.0	12.0	13.0	14.0	15.0	16.0	17.0	18.0	19.0	20.0	21.0	22.0	23.0	24.0	25.0	26.0	27.0	28.0	29.0	30.0	31.0	32.0	33.0	34.0	35.0	36.0	37.0	38.0	39.0	40.0
lane7-s027-indexRPI26-ATGAGC-SHI-Plate1-A1-4-NEXTFLEXRapidXP_S27_L007_R2_001	1.0	6.0	141.0	968.0	2843.0	6994.0	14097.0	22000.0	27034.0	31486.0	35063.0	39822.0	43858.0	48700.0	53368.0	62800.0	67845.0	68859.0	74246.0	80803.0	88506.0	99266.0	111340.0	126949.0	146279.0	173806.0	212614.0	270573.0	363493.0	527869.0	395642.0
	11.0	12.0	13.0	14.0	15.0	16.0	17.0	18.0	19.0	20.0	21.0	22.0	23.0	24.0	25.0	26.0	27.0	28.0	29.0	30.0	31.0	32.0	33.0	34.0	35.0	36.0	37.0	38.0	39.0	40.0
lane7-s028-indexRPI27-ATTCCT-SHI-Plate1-A1-5-NEXTFLEXRapidXP_S28_L007_R2_001	10.0	96.0	582.0	1846.0	3547.0	6416.0	10259.0	13637.0	16892.0	20109.0	23936.0	28285.0	32357.0	37220.0	44565.0	50203.0	54510.0	60807.0	69399.0	78868.0	90642.0	104426.0	123719.0	149043.0	184079.0	236797.0	319239.0	472272.0	811419.0	887828.0
	10.0	11.0	12.0	13.0	14.0	15.0	16.0	17.0	18.0	19.0	20.0	21.0	22.0	23.0	24.0	25.0	26.0	27.0	28.0	29.0	30.0	31.0	32.0	33.0	34.0	35.0	36.0	37.0	38.0	39.0	40.0
lane7-s029-indexRPI28-CAAAAG-Mock-1-NEXTFLEXRapidXP_S29_L007_R2_001	1.0	13.0	274.0	2040.0	5543.0	12479.0	25224.0	38591.0	45102.0	48065.0	51133.0	55572.0	60505.0	65177.0	71303.0	87804.0	93598.0	90883.0	94343.0	102188.0	110781.0	120977.0	133648.0	149935.0	171080.0	197265.0	236404.0	293618.0	380342.0	522540.0	384731.0
	10.0	11.0	12.0	13.0	14.0	15.0	16.0	17.0	18.0	19.0	20.0	21.0	22.0	23.0	24.0	25.0	26.0	27.0	28.0	29.0	30.0	31.0	32.0	33.0	34.0	35.0	36.0	37.0	38.0	39.0	40.0
lane7-s030-indexRPI29-CAACTA-Mock-2-NEXTFLEXRapidXP_S30_L007_R2_001	2.0	5.0	293.0	2229.0	5610.0	11176.0	21145.0	32402.0	38555.0	41158.0	44072.0	48125.0	52838.0	57361.0	63775.0	75403.0	79970.0	82521.0	89388.0	97559.0	107660.0	119421.0	133199.0	151347.0	175130.0	206303.0	252431.0	323068.0	447769.0	702514.0	725607.0
	9.0	10.0	11.0	12.0	13.0	14.0	15.0	16.0	17.0	18.0	19.0	20.0	21.0	22.0	23.0	24.0	25.0	26.0	27.0	28.0	29.0	30.0	31.0	32.0	33.0	34.0	35.0	36.0	37.0	38.0	39.0	40.0
lane7-s031-indexRPI30-CACCGG-Mock-3-NEXTFLEXRapidXP_S31_L007_R2_001	1.0	0.0	9.0	205.0	1514.0	4246.0	10476.0	21908.0	33673.0	40130.0	43695.0	46816.0	50568.0	55020.0	59976.0	65536.0	72354.0	78293.0	83689.0	91461.0	100144.0	109865.0	121806.0	136325.0	154846.0	179097.0	211520.0	256767.0	326169.0	442538.0	647794.0	507678.0
	10.0	11.0	12.0	13.0	14.0	15.0	16.0	17.0	18.0	19.0	20.0	21.0	22.0	23.0	24.0	25.0	26.0	27.0	28.0	29.0	30.0	31.0	32.0	33.0	34.0	35.0	36.0	37.0	38.0	39.0	40.0
lane7-s032-indexRPI31-CACGAT-Mock-4-NEXTFLEXRapidXP_S32_L007_R2_001	3.0	15.0	374.0	2524.0	6375.0	14021.0	28388.0	43202.0	52231.0	56928.0	61078.0	65996.0	71454.0	77306.0	83983.0	95425.0	101956.0	107445.0	115311.0	126114.0	138245.0	151322.0	168838.0	190012.0	218560.0	254845.0	307860.0	385983.0	519863.0	778272.0	767750.0
	10.0	11.0	12.0	13.0	14.0	15.0	16.0	17.0	18.0	19.0	20.0	21.0	22.0	23.0	24.0	25.0	26.0	27.0	28.0	29.0	30.0	31.0	32.0	33.0	34.0	35.0	36.0	37.0	38.0	39.0	40.0
lane7-s033-indexRPI32-CACTCA-Mock-5-NEXTFLEXRapidXP_S33_L007_R2_001	1.0	10.0	171.0	1143.0	3226.0	6914.0	12705.0	19965.0	25210.0	28631.0	32270.0	36456.0	41470.0	47487.0	53653.0	61353.0	68318.0	75994.0	85247.0	95987.0	108058.0	122324.0	140673.0	163440.0	193959.0	236818.0	298717.0	401481.0	585032.0	990371.0	1036666.0
	11.0	12.0	13.0	14.0	15.0	16.0	17.0	18.0	19.0	20.0	21.0	22.0	23.0	24.0	25.0	26.0	27.0	28.0	29.0	30.0	31.0	32.0	33.0	34.0	35.0	36.0	37.0	38.0	39.0	40.0
lane7-s097-index-TTGGAATG-YZ5-1-plexWell96-1_S97_L007_R2_001	4.0	15.0	49.0	159.0	424.0	861.0	1477.0	1932.0	2225.0	2656.0	3045.0	3518.0	4123.0	4838.0	5524.0	6352.0	7267.0	8410.0	9418.0	10595.0	12328.0	14039.0	16273.0	18318.0	22150.0	28880.0	40062.0	60921.0	106825.0	119375.0
	12.0	13.0	14.0	15.0	16.0	17.0	18.0	19.0	20.0	21.0	22.0	23.0	24.0	25.0	26.0	27.0	28.0	29.0	30.0	31.0	32.0	33.0	34.0	35.0	36.0	37.0	38.0	39.0	40.0
lane7-s098-index-GGGACAAC-YZ5-2-plexWell96-2_S98_L007_R2_001	13.0	76.0	269.0	683.0	1250.0	2051.0	2529.0	2982.0	3397.0	3921.0	4510.0	5001.0	5916.0	6893.0	7799.0	8925.0	10496.0	11853.0	13383.0	15616.0	17545.0	20133.0	23787.0	28701.0	37549.0	52655.0	80172.0	140844.0	151762.0
	12.0	13.0	14.0	15.0	16.0	17.0	18.0	19.0	20.0	21.0	22.0	23.0	24.0	25.0	26.0	27.0	28.0	29.0	30.0	31.0	32.0	33.0	34.0	35.0	36.0	37.0	38.0	39.0	40.0
lane7-s099-index-GCTGGATC-YZ5-3-plexWell96-3_S99_L007_R2_001	7.0	55.0	183.0	558.0	1327.0	2240.0	2967.0	3312.0	3771.0	4530.0	5036.0	5980.0	6725.0	7638.0	8964.0	10301.0	11755.0	13231.0	15549.0	18071.0	20721.0	23546.0	27829.0	35185.0	46706.0	64624.0	98916.0	170350.0	164752.0
	12.0	13.0	14.0	15.0	16.0	17.0	18.0	19.0	20.0	21.0	22.0	23.0	24.0	25.0	26.0	27.0	28.0	29.0	30.0	31.0	32.0	33.0	34.0	35.0	36.0	37.0	38.0	39.0	40.0
lane7-s100-index-ACACTCAA-YZ5-4-plexWell96-4_S100_L007_R2_001	3.0	37.0	193.0	359.0	644.0	973.0	1268.0	1477.0	1737.0	2017.0	2201.0	2544.0	2996.0	3520.0	3934.0	4533.0	5229.0	5965.0	6878.0	7789.0	8703.0	9913.0	11450.0	14452.0	19140.0	26455.0	40867.0	75013.0	109970.0
	12.0	13.0	14.0	15.0	16.0	17.0	18.0	19.0	20.0	21.0	22.0	23.0	24.0	25.0	26.0	27.0	28.0	29.0	30.0	31.0	32.0	33.0	34.0	35.0	36.0	37.0	38.0	39.0	40.0
lane7-s101-index-ACTAGCTA-YZ5-5-plexWell96-5_S101_L007_R2_001	23.0	67.0	204.0	479.0	1167.0	2121.0	2675.0	3108.0	3589.0	4115.0	4795.0	5513.0	6326.0	7173.0	8180.0	9215.0	10736.0	12089.0	13849.0	15548.0	17612.0	19610.0	22483.0	27560.0	35939.0	50225.0	75335.0	137261.0	202193.0
	11.0	12.0	13.0	14.0	15.0	16.0	17.0	18.0	19.0	20.0	21.0	22.0	23.0	24.0	25.0	26.0	27.0	28.0	29.0	30.0	31.0	32.0	33.0	34.0	35.0	36.0	37.0	38.0	39.0	40.0
lane7-s102-index-GATGATTG-ACR-134-1-plexWell96-6_S102_L007_R2_001	5.0	21.0	70.0	236.0	631.0	1398.0	2491.0	3295.0	4011.0	4658.0	5396.0	6668.0	7802.0	9058.0	11175.0	12854.0	15153.0	16656.0	18860.0	21215.0	23696.0	26537.0	28958.0	32004.0	38213.0	48052.0	64883.0	99601.0	184219.0	225158.0
	11.0	12.0	13.0	14.0	15.0	16.0	17.0	18.0	19.0	20.0	21.0	22.0	23.0	24.0	25.0	26.0	27.0	28.0	29.0	30.0	31.0	32.0	33.0	34.0	35.0	36.0	37.0	38.0	39.0	40.0
lane7-s103-index-GCAATCTT-ACR-134-2-plexWell96-7_S103_L007_R2_001	1.0	12.0	43.0	164.0	386.0	956.0	1757.0	2469.0	2967.0	3622.0	4225.0	5113.0	5961.0	7160.0	8492.0	10379.0	11926.0	13318.0	14752.0	16511.0	18616.0	21355.0	24135.0	28087.0	34035.0	43164.0	58431.0	88989.0	171791.0	272670.0
	12.0	13.0	14.0	15.0	16.0	17.0	18.0	19.0	20.0	21.0	22.0	23.0	24.0	25.0	26.0	27.0	28.0	29.0	30.0	31.0	32.0	33.0	34.0	35.0	36.0	37.0	38.0	39.0	40.0
lane7-s104-index-AGAGTGTC-ACR-134-3-plexWell96-8_S104_L007_R2_001	4.0	22.0	66.0	184.0	349.0	584.0	762.0	875.0	1063.0	1239.0	1414.0	1771.0	2079.0	2507.0	2904.0	3335.0	3520.0	4070.0	4537.0	5304.0	6180.0	6886.0	8366.0	10051.0	13377.0	17811.0	28076.0	53435.0	68782.0
	11.0	12.0	13.0	14.0	15.0	16.0	17.0	18.0	19.0	20.0	21.0	22.0	23.0	24.0	25.0	26.0	27.0	28.0	29.0	30.0	31.0	32.0	33.0	34.0	35.0	36.0	37.0	38.0	39.0	40.0
lane7-s105-index-TTAATGCG-ACR-134-4-plexWell96-9_S105_L007_R2_001	1.0	11.0	43.0	186.0	441.0	865.0	1511.0	2133.0	2748.0	3299.0	4008.0	4713.0	5555.0	6749.0	7889.0	9283.0	10512.0	11570.0	12864.0	13911.0	14347.0	15026.0	15902.0	17711.0	21567.0	27097.0	35657.0	53407.0	99486.0	152309.0
	11.0	12.0	13.0	14.0	15.0	16.0	17.0	18.0	19.0	20.0	21.0	22.0	23.0	24.0	25.0	26.0	27.0	28.0	29.0	30.0	31.0	32.0	33.0	34.0	35.0	36.0	37.0	38.0	39.0	40.0
lane7-s106-index-TCCTATAT-ACR-134-5-plexWell96-10_S106_L007_R2_001	2.0	31.0	74.0	217.0	595.0	1505.0	2828.0	3701.0	4552.0	5382.0	6255.0	7153.0	8697.0	10346.0	12159.0	14833.0	17224.0	19383.0	21483.0	23714.0	26540.0	29949.0	33167.0	38046.0	43955.0	54834.0	73623.0	110438.0	209665.0	390161.0
	11.0	12.0	13.0	14.0	15.0	16.0	17.0	18.0	19.0	20.0	21.0	22.0	23.0	24.0	25.0	26.0	27.0	28.0	29.0	30.0	31.0	32.0	33.0	34.0	35.0	36.0	37.0	38.0	39.0	40.0
lane7-s107-index-CCATATCC-SHI-Plate1-A1-1-plexWell96-11_S107_L007_R2_001	5.0	39.0	209.0	697.0	1851.0	3758.0	6224.0	7862.0	9434.0	11052.0	12442.0	14336.0	15955.0	17682.0	19422.0	21619.0	23498.0	25947.0	29040.0	32564.0	36208.0	41012.0	47077.0	55383.0	67302.0	84949.0	111257.0	154196.0	238259.0	240155.0
	11.0	12.0	13.0	14.0	15.0	16.0	17.0	18.0	19.0	20.0	21.0	22.0	23.0	24.0	25.0	26.0	27.0	28.0	29.0	30.0	31.0	32.0	33.0	34.0	35.0	36.0	37.0	38.0	39.0	40.0
lane7-s108-index-AGCCGACG-SHI-Plate1-A1-2-plexWell96-12_S108_L007_R2_001	1.0	29.0	169.0	509.0	998.0	1726.0	2546.0	3053.0	3705.0	4292.0	4712.0	5351.0	5875.0	6610.0	7261.0	7808.0	8677.0	9471.0	10234.0	11433.0	12245.0	13515.0	15354.0	17630.0	21452.0	26600.0	34217.0	47513.0	75117.0	83917.0
	11.0	12.0	13.0	14.0	15.0	16.0	17.0	18.0	19.0	20.0	21.0	22.0	23.0	24.0	25.0	26.0	27.0	28.0	29.0	30.0	31.0	32.0	33.0	34.0	35.0	36.0	37.0	38.0	39.0	40.0
lane7-s109-index-CGAATTCA-SHI-Plate1-A1-3-plexWell96-13_S109_L007_R2_001	3.0	27.0	193.0	587.0	1508.0	2926.0	4400.0	5524.0	6779.0	7665.0	8809.0	9900.0	10843.0	11695.0	12946.0	14088.0	15442.0	16826.0	18537.0	20314.0	22411.0	24802.0	27967.0	32070.0	38606.0	47813.0	61936.0	83928.0	128755.0	140716.0
	11.0	12.0	13.0	14.0	15.0	16.0	17.0	18.0	19.0	20.0	21.0	22.0	23.0	24.0	25.0	26.0	27.0	28.0	29.0	30.0	31.0	32.0	33.0	34.0	35.0	36.0	37.0	38.0	39.0	40.0
lane7-s110-index-GTCAGACC-SHI-Plate1-A1-4-plexWell96-14_S110_L007_R2_001	1.0	30.0	255.0	1026.0	2377.0	4057.0	5916.0	7455.0	8945.0	10409.0	11931.0	12933.0	14599.0	16081.0	17761.0	19149.0	21098.0	23051.0	25374.0	28054.0	31127.0	35400.0	40631.0	46926.0	56441.0	69967.0	89753.0	121957.0	183431.0	180635.0
	11.0	12.0	13.0	14.0	15.0	16.0	17.0	18.0	19.0	20.0	21.0	22.0	23.0	24.0	25.0	26.0	27.0	28.0	29.0	30.0	31.0	32.0	33.0	34.0	35.0	36.0	37.0	38.0	39.0	40.0
lane7-s111-index-CATTGCCT-SHI-Plate1-A1-5-plexWell96-15_S111_L007_R2_001	3.0	9.0	164.0	487.0	1095.0	2372.0	3995.0	5014.0	5999.0	7228.0	8080.0	9120.0	9987.0	10912.0	12084.0	13570.0	14624.0	16117.0	17720.0	19641.0	22300.0	24786.0	28717.0	33491.0	40605.0	51578.0	66312.0	91862.0	143893.0	156391.0
	11.0	12.0	13.0	14.0	15.0	16.0	17.0	18.0	19.0	20.0	21.0	22.0	23.0	24.0	25.0	26.0	27.0	28.0	29.0	30.0	31.0	32.0	33.0	34.0	35.0	36.0	37.0	38.0	39.0	40.0
lane7-s112-index-TAACCGCA-Mock-1-plexWell96-16_S112_L007_R2_001	1.0	20.0	95.0	357.0	904.0	1913.0	3042.0	3889.0	4512.0	5041.0	5678.0	6523.0	7492.0	8439.0	9267.0	10906.0	12099.0	13877.0	15824.0	17814.0	20369.0	23398.0	26751.0	31294.0	38411.0	49719.0	68431.0	102071.0	179083.0	224157.0
	12.0	13.0	14.0	15.0	16.0	17.0	18.0	19.0	20.0	21.0	22.0	23.0	24.0	25.0	26.0	27.0	28.0	29.0	30.0	31.0	32.0	33.0	34.0	35.0	36.0	37.0	38.0	39.0	40.0
lane7-s113-index-GCGCGAAG-Mock-2-plexWell96-17_S113_L007_R2_001	11.0	77.0	294.0	746.0	1323.0	2018.0	2503.0	2941.0	3352.0	3761.0	4351.0	4877.0	5616.0	6505.0	7274.0	8265.0	9184.0	10168.0	11238.0	12467.0	13510.0	15072.0	17017.0	20581.0	26076.0	35267.0	51920.0	83428.0	72641.0
	11.0	12.0	13.0	14.0	15.0	16.0	17.0	18.0	19.0	20.0	21.0	22.0	23.0	24.0	25.0	26.0	27.0	28.0	29.0	30.0	31.0	32.0	33.0	34.0	35.0	36.0	37.0	38.0	39.0	40.0
lane7-s114-index-AACACGTG-Mock-3-plexWell96-18_S114_L007_R2_001	2.0	33.0	172.0	920.0	2272.0	3739.0	5302.0	6657.0	7735.0	8903.0	10108.0	11441.0	12998.0	14465.0	16163.0	18154.0	20541.0	23160.0	25861.0	29593.0	33371.0	37824.0	44627.0	53270.0	65538.0	82649.0	110082.0	154115.0	237656.0	221521.0
	12.0	13.0	14.0	15.0	16.0	17.0	18.0	19.0	20.0	21.0	22.0	23.0	24.0	25.0	26.0	27.0	28.0	29.0	30.0	31.0	32.0	33.0	34.0	35.0	36.0	37.0	38.0	39.0	40.0
lane7-s115-index-GTAGTCAC-Mock-4-plexWell96-19_S115_L007_R2_001	16.0	85.0	291.0	717.0	1517.0	2565.0	3359.0	4076.0	4591.0	5314.0	6140.0	6926.0	8100.0	9160.0	10450.0	11991.0	13745.0	15935.0	17959.0	20769.0	24347.0	28026.0	33307.0	40717.0	53158.0	73476.0	111406.0	194015.0	208102.0
	10.0	11.0	12.0	13.0	14.0	15.0	16.0	17.0	18.0	19.0	20.0	21.0	22.0	23.0	24.0	25.0	26.0	27.0	28.0	29.0	30.0	31.0	32.0	33.0	34.0	35.0	36.0	37.0	38.0	39.0	40.0
lane7-s116-index-GAGTTCTC-Mock-5-plexWell96-20_S116_L007_R2_001	1.0	5.0	48.0	335.0	968.0	2306.0	5182.0	8613.0	11103.0	12976.0	14462.0	16406.0	18622.0	21026.0	24085.0	27244.0	30286.0	34718.0	39042.0	44133.0	50688.0	58407.0	67158.0	78251.0	94285.0	116274.0	150640.0	205168.0	299776.0	487187.0	442098.0
	11.0	12.0	13.0	14.0	15.0	16.0	17.0	18.0	19.0	20.0	21.0	22.0	23.0	24.0	25.0	26.0	27.0	28.0	29.0	30.0	31.0	32.0	33.0	34.0	35.0	36.0	37.0	38.0	39.0	40.0
lane7-s117-index-GTGAGGAA-YZ5-1-plexWell96-21_S117_L007_R2_001	2.0	19.0	51.0	219.0	554.0	1039.0	1976.0	2516.0	2919.0	3442.0	3965.0	4693.0	5212.0	6032.0	6974.0	7939.0	9196.0	10239.0	11582.0	12946.0	14614.0	16800.0	18941.0	20676.0	24275.0	31032.0	42253.0	63374.0	110643.0	129048.0
	12.0	13.0	14.0	15.0	16.0	17.0	18.0	19.0	20.0	21.0	22.0	23.0	24.0	25.0	26.0	27.0	28.0	29.0	30.0	31.0	32.0	33.0	34.0	35.0	36.0	37.0	38.0	39.0	40.0
lane7-s118-index-GATTCGTA-YZ5-2-plexWell96-22_S118_L007_R2_001	7.0	73.0	205.0	466.0	1003.0	1759.0	2406.0	2682.0	3070.0	3540.0	4130.0	4753.0	5574.0	6552.0	7523.0	8426.0	9800.0	11318.0	12809.0	14662.0	16763.0	19002.0	21676.0	26056.0	33681.0	47074.0	71570.0	132639.0	187561.0
	12.0	13.0	14.0	15.0	16.0	17.0	18.0	19.0	20.0	21.0	22.0	23.0	24.0	25.0	26.0	27.0	28.0	29.0	30.0	31.0	32.0	33.0	34.0	35.0	36.0	37.0	38.0	39.0	40.0
lane7-s119-index-GATGCAAT-YZ5-3-plexWell96-23_S119_L007_R2_001	15.0	63.0	191.0	519.0	1143.0	1963.0	2672.0	3078.0	3592.0	4235.0	4869.0	5641.0	6641.0	7675.0	8821.0	9939.0	11475.0	13412.0	15191.0	17235.0	20246.0	22348.0	25832.0	30811.0	39679.0	55809.0	85527.0	161124.0	248238.0
	11.0	12.0	13.0	14.0	15.0	16.0	17.0	18.0	19.0	20.0	21.0	22.0	23.0	24.0	25.0	26.0	27.0	28.0	29.0	30.0	31.0	32.0	33.0	34.0	35.0	36.0	37.0	38.0	39.0	40.0
lane7-s120-index-ACACGGTT-YZ5-4-plexWell96-24_S120_L007_R2_001	1.0	14.0	75.0	199.0	438.0	943.0	1609.0	2079.0	2495.0	2947.0	3472.0	3935.0	4603.0	5429.0	6166.0	7120.0	8099.0	9403.0	10511.0	12269.0	14245.0	16430.0	18809.0	23208.0	28616.0	38149.0	53300.0	83291.0	153831.0	216590.0
	11.0	12.0	13.0	14.0	15.0	16.0	17.0	18.0	19.0	20.0	21.0	22.0	23.0	24.0	25.0	26.0	27.0	28.0	29.0	30.0	31.0	32.0	33.0	34.0	35.0	36.0	37.0	38.0	39.0	40.0
lane7-s121-index-GAGGCTGC-YZ5-5-plexWell96-25_S121_L007_R2_001	3.0	25.0	129.0	357.0	951.0	2066.0	3702.0	4800.0	5671.0	6382.0	7581.0	8699.0	9804.0	11409.0	12636.0	14757.0	17045.0	19389.0	22053.0	25472.0	29232.0	33728.0	38959.0	45742.0	57000.0	74614.0	105403.0	158464.0	272137.0	255308.0
	12.0	13.0	14.0	15.0	16.0	17.0	18.0	19.0	20.0	21.0	22.0	23.0	24.0	25.0	26.0	27.0	28.0	29.0	30.0	31.0	32.0	33.0	34.0	35.0	36.0	37.0	38.0	39.0	40.0
lane7-s122-index-ACAGTTCG-ACR-134-1-plexWell96-26_S122_L007_R2_001	19.0	88.0	235.0	604.0	1173.0	2057.0	2921.0	3862.0	4708.0	5568.0	6684.0	7794.0	8971.0	10503.0	12317.0	13979.0	15698.0	17357.0	18908.0	20237.0	21997.0	24467.0	28341.0	33769.0	42338.0	56177.0	83494.0	151682.0	216607.0
	12.0	13.0	14.0	15.0	16.0	17.0	18.0	19.0	20.0	21.0	22.0	23.0	24.0	25.0	26.0	27.0	28.0	29.0	30.0	31.0	32.0	33.0	34.0	35.0	36.0	37.0	38.0	39.0	40.0
lane7-s123-index-CGGAGATA-ACR-134-2-plexWell96-27_S123_L007_R2_001	20.0	101.0	567.0	1347.0	1662.0	2144.0	2787.0	3354.0	3878.0	4664.0	5624.0	6296.0	7517.0	8768.0	10384.0	11802.0	13234.0	14643.0	16138.0	17708.0	20018.0	22129.0	25662.0	30390.0	37995.0	51171.0	76132.0	141193.0	213208.0
	11.0	12.0	13.0	14.0	15.0	16.0	17.0	18.0	19.0	20.0	21.0	22.0	23.0	24.0	25.0	26.0	27.0	28.0	29.0	30.0	31.0	32.0	33.0	34.0	35.0	36.0	37.0	38.0	39.0	40.0
lane7-s124-index-TCGCCAGC-ACR-134-3-plexWell96-28_S124_L007_R2_001	2.0	20.0	90.0	470.0	1349.0	2382.0	3546.0	4405.0	5067.0	5829.0	6530.0	7762.0	8928.0	10369.0	12380.0	14847.0	17137.0	19145.0	21271.0	24092.0	26993.0	30306.0	34003.0	38515.0	46414.0	59461.0	81539.0	124460.0	227464.0	257454.0
	12.0	13.0	14.0	15.0	16.0	17.0	18.0	19.0	20.0	21.0	22.0	23.0	24.0	25.0	26.0	27.0	28.0	29.0	30.0	31.0	32.0	33.0	34.0	35.0	36.0	37.0	38.0	39.0	40.0
lane7-s125-index-TGCACTGT-ACR-134-4-plexWell96-29_S125_L007_R2_001	8.0	36.0	166.0	472.0	815.0	1251.0	1717.0	2015.0	2393.0	2823.0	3309.0	3854.0	4470.0	5486.0	6551.0	7849.0	8780.0	9646.0	10870.0	12124.0	13374.0	14446.0	16109.0	19418.0	24411.0	33298.0	51026.0	97782.0	148124.0
	10.0	11.0	12.0	13.0	14.0	15.0	16.0	17.0	18.0	19.0	20.0	21.0	22.0	23.0	24.0	25.0	26.0	27.0	28.0	29.0	30.0	31.0	32.0	33.0	34.0	35.0	36.0	37.0	38.0	39.0	40.0
lane7-s126-index-GTACGCGA-ACR-134-5-plexWell96-30_S126_L007_R2_001	1.0	1.0	24.0	122.0	352.0	996.0	2597.0	4601.0	6354.0	7474.0	8661.0	10274.0	11943.0	13885.0	16572.0	19390.0	22764.0	25999.0	29069.0	32371.0	35297.0	39844.0	44287.0	50369.0	57970.0	70294.0	88622.0	119691.0	180075.0	331174.0	424240.0
	11.0	12.0	13.0	14.0	15.0	16.0	17.0	18.0	19.0	20.0	21.0	22.0	23.0	24.0	25.0	26.0	27.0	28.0	29.0	30.0	31.0	32.0	33.0	34.0	35.0	36.0	37.0	38.0	39.0	40.0
lane7-s127-index-CTATCCGG-SHI-Plate1-A1-1-plexWell96-31_S127_L007_R2_001	5.0	39.0	298.0	1066.0	2760.0	5853.0	9352.0	12133.0	14177.0	16371.0	18576.0	20828.0	23035.0	25492.0	27976.0	30617.0	33794.0	37114.0	41149.0	45673.0	50795.0	57564.0	65596.0	77182.0	93469.0	116318.0	149587.0	202465.0	297268.0	249915.0
	9.0	10.0	11.0	12.0	13.0	14.0	15.0	16.0	17.0	18.0	19.0	20.0	21.0	22.0	23.0	24.0	25.0	26.0	27.0	28.0	29.0	30.0	31.0	32.0	33.0	34.0	35.0	36.0	37.0	38.0	39.0	40.0
lane7-s128-index-CTTAGAGT-SHI-Plate1-A1-2-plexWell96-32_S128_L007_R2_001	1.0	0.0	4.0	54.0	303.0	976.0	2132.0	4292.0	6864.0	8807.0	10723.0	12321.0	14273.0	15931.0	17719.0	19678.0	21779.0	24187.0	26751.0	29331.0	33078.0	36442.0	40910.0	46286.0	52009.0	60246.0	73639.0	92033.0	120262.0	167175.0	259437.0	270306.0
	11.0	12.0	13.0	14.0	15.0	16.0	17.0	18.0	19.0	20.0	21.0	22.0	23.0	24.0	25.0	26.0	27.0	28.0	29.0	30.0	31.0	32.0	33.0	34.0	35.0	36.0	37.0	38.0	39.0	40.0
lane7-s129-index-CAAGGACC-SHI-Plate1-A1-3-plexWell96-33_S129_L007_R2_001	3.0	43.0	252.0	973.0	2354.0	4676.0	7456.0	9779.0	11666.0	13693.0	15540.0	17505.0	19715.0	22370.0	24822.0	27160.0	30440.0	33714.0	37669.0	42275.0	47672.0	54177.0	61688.0	72149.0	89119.0	113695.0	148852.0	208095.0	322269.0	313044.0
	11.0	12.0	13.0	14.0	15.0	16.0	17.0	18.0	19.0	20.0	21.0	22.0	23.0	24.0	25.0	26.0	27.0	28.0	29.0	30.0	31.0	32.0	33.0	34.0	35.0	36.0	37.0	38.0	39.0	40.0
lane7-s130-index-AGACAGAG-SHI-Plate1-A1-4-plexWell96-34_S130_L007_R2_001	1.0	4.0	13.0	79.0	158.0	223.0	341.0	383.0	487.0	582.0	670.0	744.0	856.0	987.0	1158.0	1243.0	1521.0	1628.0	1838.0	2103.0	2375.0	2657.0	2879.0	3234.0	4056.0	5218.0	7061.0	10458.0	17468.0	19642.0
	12.0	13.0	14.0	15.0	16.0	17.0	18.0	19.0	20.0	21.0	22.0	23.0	24.0	25.0	26.0	27.0	28.0	29.0	30.0	31.0	32.0	33.0	34.0	35.0	36.0	37.0	38.0	39.0	40.0
lane7-s131-index-TCGGATCA-SHI-Plate1-A1-5-plexWell96-35_S131_L007_R2_001	26.0	165.0	519.0	1030.0	1807.0	2665.0	3476.0	3948.0	4554.0	5174.0	5581.0	6190.0	6741.0	7441.0	8226.0	9052.0	9835.0	10613.0	11717.0	13253.0	14776.0	17062.0	19463.0	23409.0	28754.0	36703.0	49084.0	71788.0	65586.0
	11.0	12.0	13.0	14.0	15.0	16.0	17.0	18.0	19.0	20.0	21.0	22.0	23.0	24.0	25.0	26.0	27.0	28.0	29.0	30.0	31.0	32.0	33.0	34.0	35.0	36.0	37.0	38.0	39.0	40.0
lane7-s132-index-TAATGGAC-Mock-1-plexWell96-36_S132_L007_R2_001	4.0	14.0	81.0	303.0	776.0	1509.0	2555.0	3268.0	3882.0	4372.0	4978.0	5737.0	6643.0	7464.0	8751.0	10214.0	11556.0	13452.0	15300.0	17097.0	19607.0	22307.0	24846.0	27738.0	32954.0	42082.0	57920.0	85778.0	150229.0	180619.0
	11.0	12.0	13.0	14.0	15.0	16.0	17.0	18.0	19.0	20.0	21.0	22.0	23.0	24.0	25.0	26.0	27.0	28.0	29.0	30.0	31.0	32.0	33.0	34.0	35.0	36.0	37.0	38.0	39.0	40.0
lane7-s133-index-TAGCAACT-Mock-2-plexWell96-37_S133_L007_R2_001	2.0	17.0	123.0	311.0	808.0	1746.0	2924.0	3616.0	4306.0	4904.0	5570.0	6489.0	7448.0	8444.0	9482.0	10788.0	12056.0	14201.0	15816.0	18222.0	20692.0	23070.0	26760.0	31186.0	37990.0	48895.0	66270.0	98891.0	173311.0	219431.0
	11.0	12.0	13.0	14.0	15.0	16.0	17.0	18.0	19.0	20.0	21.0	22.0	23.0	24.0	25.0	26.0	27.0	28.0	29.0	30.0	31.0	32.0	33.0	34.0	35.0	36.0	37.0	38.0	39.0	40.0
lane7-s134-index-ATAGCACA-Mock-3-plexWell96-38_S134_L007_R2_001	1.0	12.0	79.0	282.0	596.0	1279.0	2199.0	2801.0	3126.0	3701.0	4337.0	4813.0	5378.0	6155.0	7241.0	7981.0	8993.0	10173.0	11751.0	13207.0	15083.0	17101.0	19209.0	22476.0	28310.0	36295.0	49209.0	72886.0	127056.0	155597.0
	12.0	13.0	14.0	15.0	16.0	17.0	18.0	19.0	20.0	21.0	22.0	23.0	24.0	25.0	26.0	27.0	28.0	29.0	30.0	31.0	32.0	33.0	34.0	35.0	36.0	37.0	38.0	39.0	40.0
lane7-s135-index-ATCAACCG-Mock-4-plexWell96-39_S135_L007_R2_001	11.0	67.0	207.0	456.0	820.0	1313.0	1827.0	2346.0	2833.0	3373.0	3902.0	4466.0	5297.0	5963.0	6793.0	7574.0	8447.0	9376.0	10420.0	11454.0	12768.0	14454.0	17028.0	21279.0	27237.0	36916.0	55205.0	98921.0	138395.0
	11.0	12.0	13.0	14.0	15.0	16.0	17.0	18.0	19.0	20.0	21.0	22.0	23.0	24.0	25.0	26.0	27.0	28.0	29.0	30.0	31.0	32.0	33.0	34.0	35.0	36.0	37.0	38.0	39.0	40.0
lane7-s136-index-TTCCTCAT-Mock-5-plexWell96-40_S136_L007_R2_001	3.0	69.0	310.0	775.0	1883.0	4506.0	7490.0	9769.0	11293.0	12772.0	14108.0	16030.0	18257.0	20847.0	23397.0	26551.0	30051.0	33793.0	38212.0	43084.0	49719.0	55930.0	63967.0	73591.0	88830.0	113515.0	153298.0	225862.0	395277.0	527549.0
	12.0	13.0	14.0	15.0	16.0	17.0	18.0	19.0	20.0	21.0	22.0	23.0	24.0	25.0	26.0	27.0	28.0	29.0	30.0	31.0	32.0	33.0	34.0	35.0	36.0	37.0	38.0	39.0	40.0
lane7-s137-index-AGCTACGT-YZ5-1-plexWell96-41_S137_L007_R2_001	10.0	52.0	175.0	397.0	733.0	1205.0	1531.0	1777.0	2070.0	2292.0	2643.0	2998.0	3442.0	3944.0	4612.0	5341.0	5843.0	6956.0	7884.0	8673.0	10390.0	12089.0	14450.0	17908.0	23693.0	33233.0	50940.0	91976.0	116105.0
	11.0	12.0	13.0	14.0	15.0	16.0	17.0	18.0	19.0	20.0	21.0	22.0	23.0	24.0	25.0	26.0	27.0	28.0	29.0	30.0	31.0	32.0	33.0	34.0	35.0	36.0	37.0	38.0	39.0	40.0
lane7-s138-index-ATTCCATC-YZ5-2-plexWell96-42_S138_L007_R2_001	2.0	7.0	62.0	161.0	369.0	812.0	1441.0	1915.0	2242.0	2531.0	2991.0	3322.0	3834.0	4504.0	5130.0	6032.0	7002.0	7740.0	9174.0	10167.0	11981.0	13662.0	16086.0	18787.0	23497.0	30875.0	43034.0	65508.0	118546.0	144493.0
	11.0	12.0	13.0	14.0	15.0	16.0	17.0	18.0	19.0	20.0	21.0	22.0	23.0	24.0	25.0	26.0	27.0	28.0	29.0	30.0	31.0	32.0	33.0	34.0	35.0	36.0	37.0	38.0	39.0	40.0
lane7-s139-index-GTTGTAGG-YZ5-3-plexWell96-43_S139_L007_R2_001	3.0	19.0	54.0	229.0	505.0	1183.0	1945.0	2518.0	3058.0	3586.0	4143.0	4827.0	5673.0	6656.0	7747.0	9154.0	10604.0	12062.0	13689.0	15519.0	17227.0	18447.0	18652.0	20510.0	24736.0	31989.0	44594.0	67554.0	115237.0	109518.0
	12.0	13.0	14.0	15.0	16.0	17.0	18.0	19.0	20.0	21.0	22.0	23.0	24.0	25.0	26.0	27.0	28.0	29.0	30.0	31.0	32.0	33.0	34.0	35.0	36.0	37.0	38.0	39.0	40.0
lane7-s140-index-TGTGACTA-YZ5-4-plexWell96-44_S140_L007_R2_001	13.0	49.0	178.0	490.0	1048.0	1741.0	2184.0	2396.0	2710.0	3052.0	3680.0	3957.0	4830.0	5605.0	6524.0	7324.0	8413.0	9544.0	11162.0	12955.0	14640.0	16410.0	17973.0	21775.0	28242.0	38871.0	59850.0	111315.0	162677.0
	11.0	12.0	13.0	14.0	15.0	16.0	17.0	18.0	19.0	20.0	21.0	22.0	23.0	24.0	25.0	26.0	27.0	28.0	29.0	30.0	31.0	32.0	33.0	34.0	35.0	36.0	37.0	38.0	39.0	40.0
lane7-s141-index-CGAAACGC-YZ5-5-plexWell96-45_S141_L007_R2_001	2.0	13.0	78.0	273.0	685.0	1519.0	2500.0	3294.0	3879.0	4411.0	5103.0	5832.0	6765.0	7574.0	8649.0	9872.0	11362.0	12472.0	14364.0	16307.0	18364.0	21236.0	25006.0	29841.0	37365.0	49026.0	67091.0	101375.0	178355.0	212108.0
	11.0	12.0	13.0	14.0	15.0	16.0	17.0	18.0	19.0	20.0	21.0	22.0	23.0	24.0	25.0	26.0	27.0	28.0	29.0	30.0	31.0	32.0	33.0	34.0	35.0	36.0	37.0	38.0	39.0	40.0
lane7-s142-index-GTGTGATT-ACR-134-1-plexWell96-46_S142_L007_R2_001	3.0	30.0	60.0	288.0	695.0	1461.0	2462.0	3437.0	4149.0	4843.0	5751.0	6819.0	8010.0	9517.0	11176.0	13911.0	15825.0	17764.0	19967.0	22239.0	25074.0	28943.0	32225.0	35850.0	42163.0	52911.0	71260.0	107822.0	207828.0	306054.0
	9.0	10.0	11.0	12.0	13.0	14.0	15.0	16.0	17.0	18.0	19.0	20.0	21.0	22.0	23.0	24.0	25.0	26.0	27.0	28.0	29.0	30.0	31.0	32.0	33.0	34.0	35.0	36.0	37.0	38.0	39.0	40.0
lane7-s143-index-AGGCTGGA-ACR-134-2-plexWell96-47_S143_L007_R2_001	1.0	0.0	0.0	4.0	18.0	73.0	165.0	357.0	593.0	865.0	983.0	1138.0	1310.0	1579.0	1812.0	2087.0	2567.0	2809.0	3277.0	3747.0	4159.0	4690.0	5186.0	5818.0	6486.0	7553.0	9123.0	11730.0	15717.0	24035.0	45122.0	58908.0
	12.0	13.0	14.0	15.0	16.0	17.0	18.0	19.0	20.0	21.0	22.0	23.0	24.0	25.0	26.0	27.0	28.0	29.0	30.0	31.0	32.0	33.0	34.0	35.0	36.0	37.0	38.0	39.0	40.0
lane7-s144-index-CGTGCTGG-ACR-134-3-plexWell96-48_S144_L007_R2_001	26.0	82.0	325.0	931.0	2146.0	3744.0	4986.0	6150.0	7063.0	8264.0	9810.0	11456.0	13290.0	15563.0	18244.0	20725.0	23074.0	25567.0	28450.0	31756.0	35229.0	40661.0	47646.0	57728.0	72980.0	99274.0	147966.0	258499.0	248581.0
	11.0	12.0	13.0	14.0	15.0	16.0	17.0	18.0	19.0	20.0	21.0	22.0	23.0	24.0	25.0	26.0	27.0	28.0	29.0	30.0	31.0	32.0	33.0	34.0	35.0	36.0	37.0	38.0	39.0	40.0
lane7-s145-index-AATAGGAT-ACR-134-4-plexWell96-49_S145_L007_R2_001	3.0	16.0	57.0	235.0	511.0	906.0	1401.0	1822.0	2167.0	2599.0	3087.0	3624.0	4268.0	5153.0	6170.0	7548.0	8619.0	9744.0	10817.0	12302.0	13672.0	15451.0	17565.0	20227.0	24196.0	30281.0	41081.0	63315.0	124074.0	237739.0
	12.0	13.0	14.0	15.0	16.0	17.0	18.0	19.0	20.0	21.0	22.0	23.0	24.0	25.0	26.0	27.0	28.0	29.0	30.0	31.0	32.0	33.0	34.0	35.0	36.0	37.0	38.0	39.0	40.0
lane7-s146-index-CGTCTGCC-ACR-134-5-plexWell96-50_S146_L007_R2_001	17.0	104.0	312.0	922.0	2034.0	3416.0	4609.0	5533.0	6471.0	7846.0	8968.0	10536.0	12308.0	14667.0	17319.0	19756.0	22316.0	24795.0	27578.0	30896.0	34772.0	39582.0	46858.0	56895.0	72543.0	97586.0	147228.0	261043.0	265519.0
	7.0	8.0	9.0	10.0	11.0	12.0	13.0	14.0	15.0	16.0	17.0	18.0	19.0	20.0	21.0	22.0	23.0	24.0	25.0	26.0	27.0	28.0	29.0	30.0	31.0	32.0	33.0	34.0	35.0	36.0	37.0	38.0	39.0	40.0
lane7-s147-index-GAATCTAG-SHI-Plate1-A1-1-plexWell96-51_S147_L007_R2_001	1.0	0.0	0.0	0.0	2.0	31.0	232.0	935.0	2158.0	3764.0	5517.0	7005.0	8313.0	9631.0	10889.0	12123.0	13966.0	15462.0	16892.0	18842.0	20350.0	22919.0	25402.0	28339.0	31591.0	35959.0	41094.0	47820.0	57588.0	72404.0	94133.0	130076.0	199298.0	199035.0
	11.0	12.0	13.0	14.0	15.0	16.0	17.0	18.0	19.0	20.0	21.0	22.0	23.0	24.0	25.0	26.0	27.0	28.0	29.0	30.0	31.0	32.0	33.0	34.0	35.0	36.0	37.0	38.0	39.0	40.0
lane7-s148-index-ATGCGTCA-SHI-Plate1-A1-2-plexWell96-52_S148_L007_R2_001	3.0	34.0	194.0	581.0	1403.0	3064.0	4819.0	6083.0	7358.0	8461.0	9641.0	10933.0	12292.0	13440.0	14905.0	16445.0	18064.0	20060.0	22216.0	24596.0	27836.0	31438.0	36474.0	41917.0	50702.0	64440.0	83605.0	115798.0	176989.0	178626.0
	11.0	12.0	13.0	14.0	15.0	16.0	17.0	18.0	19.0	20.0	21.0	22.0	23.0	24.0	25.0	26.0	27.0	28.0	29.0	30.0	31.0	32.0	33.0	34.0	35.0	36.0	37.0	38.0	39.0	40.0
lane7-s149-index-GCAAGTAC-SHI-Plate1-A1-3-plexWell96-53_S149_L007_R2_001	1.0	33.0	271.0	934.0	2138.0	4367.0	6862.0	8923.0	10683.0	12228.0	14208.0	15992.0	17823.0	19779.0	21704.0	24324.0	26366.0	29095.0	32227.0	35709.0	40394.0	46180.0	52544.0	61310.0	74496.0	93445.0	122041.0	167354.0	252297.0	240402.0
	11.0	12.0	13.0	14.0	15.0	16.0	17.0	18.0	19.0	20.0	21.0	22.0	23.0	24.0	25.0	26.0	27.0	28.0	29.0	30.0	31.0	32.0	33.0	34.0	35.0	36.0	37.0	38.0	39.0	40.0
lane7-s150-index-ACTGACCT-SHI-Plate1-A1-4-plexWell96-54_S150_L007_R2_001	2.0	20.0	147.0	443.0	991.0	2051.0	3294.0	4406.0	5292.0	6162.0	7311.0	8035.0	9032.0	10057.0	11178.0	12245.0	13693.0	15039.0	16701.0	18943.0	21294.0	23953.0	27840.0	32764.0	39876.0	50346.0	65716.0	92012.0	142530.0	152228.0
	11.0	12.0	13.0	14.0	15.0	16.0	17.0	18.0	19.0	20.0	21.0	22.0	23.0	24.0	25.0	26.0	27.0	28.0	29.0	30.0	31.0	32.0	33.0	34.0	35.0	36.0	37.0	38.0	39.0	40.0
lane7-s151-index-GAAGACCA-SHI-Plate1-A1-5-plexWell96-55_S151_L007_R2_001	6.0	41.0	313.0	868.0	2157.0	4642.0	7449.0	9652.0	11269.0	12892.0	14929.0	16650.0	18396.0	20295.0	22512.0	24452.0	26989.0	29469.0	32857.0	36063.0	40539.0	45986.0	52077.0	60905.0	74209.0	92353.0	120160.0	164714.0	252756.0	267426.0
	11.0	12.0	13.0	14.0	15.0	16.0	17.0	18.0	19.0	20.0	21.0	22.0	23.0	24.0	25.0	26.0	27.0	28.0	29.0	30.0	31.0	32.0	33.0	34.0	35.0	36.0	37.0	38.0	39.0	40.0
lane7-s152-index-CAGAAGCG-Mock-1-plexWell96-56_S152_L007_R2_001	6.0	42.0	342.0	1331.0	2504.0	3577.0	4769.0	5951.0	6938.0	7966.0	9058.0	9983.0	11277.0	12622.0	14100.0	15711.0	17607.0	19570.0	22120.0	24342.0	27423.0	31431.0	36338.0	42502.0	51974.0	65692.0	88253.0	127257.0	213948.0	247911.0
	11.0	12.0	13.0	14.0	15.0	16.0	17.0	18.0	19.0	20.0	21.0	22.0	23.0	24.0	25.0	26.0	27.0	28.0	29.0	30.0	31.0	32.0	33.0	34.0	35.0	36.0	37.0	38.0	39.0	40.0
lane7-s153-index-AGCTCTAC-Mock-2-plexWell96-57_S153_L007_R2_001	1.0	2.0	20.0	108.0	273.0	435.0	641.0	771.0	912.0	1033.0	1131.0	1389.0	1563.0	1781.0	2015.0	2283.0	2731.0	3046.0	3546.0	3991.0	4485.0	5237.0	5866.0	6944.0	8900.0	11668.0	16062.0	24072.0	41036.0	43500.0
	11.0	12.0	13.0	14.0	15.0	16.0	17.0	18.0	19.0	20.0	21.0	22.0	23.0	24.0	25.0	26.0	27.0	28.0	29.0	30.0	31.0	32.0	33.0	34.0	35.0	36.0	37.0	38.0	39.0	40.0
lane7-s154-index-CCACTACT-Mock-3-plexWell96-58_S154_L007_R2_001	2.0	15.0	133.0	349.0	886.0	1762.0	3061.0	3884.0	4536.0	5267.0	5987.0	6819.0	7815.0	9076.0	10111.0	11943.0	13407.0	15428.0	17330.0	19767.0	22098.0	24944.0	27767.0	32044.0	39374.0	50792.0	69313.0	103785.0	188111.0	262467.0
	10.0	11.0	12.0	13.0	14.0	15.0	16.0	17.0	18.0	19.0	20.0	21.0	22.0	23.0	24.0	25.0	26.0	27.0	28.0	29.0	30.0	31.0	32.0	33.0	34.0	35.0	36.0	37.0	38.0	39.0	40.0
lane7-s155-index-GACCTACA-Mock-4-plexWell96-59_S155_L007_R2_001	1.0	1.0	72.0	935.0	1992.0	1878.0	1672.0	1766.0	2151.0	2557.0	2997.0	3350.0	3857.0	4417.0	5263.0	5933.0	6688.0	7602.0	8553.0	9487.0	10244.0	10967.0	11852.0	13568.0	15932.0	19970.0	25506.0	35179.0	52591.0	93553.0	138372.0
	10.0	11.0	12.0	13.0	14.0	15.0	16.0	17.0	18.0	19.0	20.0	21.0	22.0	23.0	24.0	25.0	26.0	27.0	28.0	29.0	30.0	31.0	32.0	33.0	34.0	35.0	36.0	37.0	38.0	39.0	40.0
lane7-s156-index-CACGTCCG-Mock-5-plexWell96-60_S156_L007_R2_001	1.0	5.0	83.0	612.0	1568.0	3149.0	6082.0	9634.0	12278.0	14563.0	16629.0	18861.0	21031.0	23367.0	25969.0	28785.0	31723.0	34810.0	38276.0	42679.0	47015.0	52400.0	58238.0	66512.0	78413.0	94129.0	118396.0	155008.0	220008.0	365070.0	444014.0
	11.0	12.0	13.0	14.0	15.0	16.0	17.0	18.0	19.0	20.0	21.0	22.0	23.0	24.0	25.0	26.0	27.0	28.0	29.0	30.0	31.0	32.0	33.0	34.0	35.0	36.0	37.0	38.0	39.0	40.0
lane7-s551-index--TAAGGCGA-CTCCTTAC-YZ5-1-NexteraFlex-Full_S551_L007_R2_001	3.0	32.0	222.0	953.0	2630.0	7829.0	16892.0	25704.0	32510.0	40157.0	47201.0	55810.0	65080.0	74156.0	85357.0	96557.0	109965.0	122406.0	136527.0	154837.0	175544.0	201980.0	238979.0	284766.0	342566.0	421513.0	538428.0	707373.0	946324.0	718754.0
	11.0	12.0	13.0	14.0	15.0	16.0	17.0	18.0	19.0	20.0	21.0	22.0	23.0	24.0	25.0	26.0	27.0	28.0	29.0	30.0	31.0	32.0	33.0	34.0	35.0	36.0	37.0	38.0	39.0	40.0
lane7-s552-index--CGTACTAG-TCTTACGC-YZ5-2-NexteraFlex-Full_S552_L007_R2_001	2.0	28.0	155.0	587.0	1826.0	5417.0	12008.0	17777.0	21907.0	24773.0	27928.0	31853.0	36059.0	40753.0	45731.0	51132.0	57887.0	63975.0	71678.0	80485.0	90919.0	105548.0	125488.0	152344.0	184585.0	224510.0	287205.0	383933.0	556239.0	511876.0
	12.0	13.0	14.0	15.0	16.0	17.0	18.0	19.0	20.0	21.0	22.0	23.0	24.0	25.0	26.0	27.0	28.0	29.0	30.0	31.0	32.0	33.0	34.0	35.0	36.0	37.0	38.0	39.0	40.0
lane7-s553-index--AGGCAGAA-TATGCAGT-YZ5-3-NexteraFlex-Full_S553_L007_R2_001	23.0	171.0	632.0	2012.0	5643.0	11325.0	16621.0	20894.0	24860.0	28865.0	33669.0	38894.0	43959.0	49416.0	55846.0	62421.0	69374.0	76557.0	85078.0	96030.0	109754.0	128709.0	151320.0	181971.0	218987.0	273839.0	350218.0	457075.0	332573.0
	11.0	12.0	13.0	14.0	15.0	16.0	17.0	18.0	19.0	20.0	21.0	22.0	23.0	24.0	25.0	26.0	27.0	28.0	29.0	30.0	31.0	32.0	33.0	34.0	35.0	36.0	37.0	38.0	39.0	40.0
lane7-s554-index--GGACTCCT-AGAGGATA-YZ5-4-NexteraFlex-Full_S554_L007_R2_001	2.0	12.0	53.0	214.0	756.0	2507.0	5596.0	8574.0	10612.0	12973.0	15784.0	18967.0	22743.0	26968.0	31940.0	37124.0	43165.0	49307.0	56806.0	65338.0	76178.0	90167.0	108861.0	132905.0	165084.0	210543.0	280636.0	399721.0	612469.0	508355.0
	12.0	13.0	14.0	15.0	16.0	17.0	18.0	19.0	20.0	21.0	22.0	23.0	24.0	25.0	26.0	27.0	28.0	29.0	30.0	31.0	32.0	33.0	34.0	35.0	36.0	37.0	38.0	39.0	40.0
lane7-s555-index--TAGGCATG-ACTCTAGG-YZ5-5-NexteraFlex-Full_S555_L007_R2_001	5.0	45.0	212.0	733.0	2621.0	5951.0	8616.0	11116.0	13303.0	15723.0	18690.0	21739.0	24933.0	28930.0	32972.0	37771.0	42505.0	48297.0	55187.0	63384.0	75050.0	92934.0	114758.0	141596.0	170520.0	217711.0	290088.0	413235.0	355009.0
	12.0	13.0	14.0	15.0	16.0	17.0	18.0	19.0	20.0	21.0	22.0	23.0	24.0	25.0	26.0	27.0	28.0	29.0	30.0	31.0	32.0	33.0	34.0	35.0	36.0	37.0	38.0	39.0	40.0
lane7-s556-index--CGAGGCTG-TCGCATAA-ACR-134-1-NexteraFlex-Full_S556_L007_R2_001	12.0	81.0	240.0	772.0	2601.0	5918.0	9349.0	11220.0	12993.0	15142.0	17957.0	20888.0	24653.0	28306.0	32894.0	37544.0	41822.0	46751.0	51765.0	57839.0	64788.0	76087.0	89304.0	106222.0	126390.0	157438.0	209496.0	307527.0	297172.0
	11.0	12.0	13.0	14.0	15.0	16.0	17.0	18.0	19.0	20.0	21.0	22.0	23.0	24.0	25.0	26.0	27.0	28.0	29.0	30.0	31.0	32.0	33.0	34.0	35.0	36.0	37.0	38.0	39.0	40.0
lane7-s557-index--AAGAGGCA-CTAGTCGA-ACR-134-2-NexteraFlex-Full_S557_L007_R2_001	1.0	16.0	100.0	383.0	1142.0	3299.0	7757.0	11951.0	14942.0	18379.0	22044.0	26741.0	32542.0	38745.0	46390.0	54817.0	63593.0	70210.0	78115.0	86607.0	96143.0	107907.0	124307.0	145792.0	173826.0	211605.0	268495.0	366267.0	557413.0	552197.0
	12.0	13.0	14.0	15.0	16.0	17.0	18.0	19.0	20.0	21.0	22.0	23.0	24.0	25.0	26.0	27.0	28.0	29.0	30.0	31.0	32.0	33.0	34.0	35.0	36.0	37.0	38.0	39.0	40.0
lane7-s558-index--GCTCATGA-ATTAGACG-ACR-134-3-NexteraFlex-Full_S558_L007_R2_001	11.0	57.0	233.0	939.0	3264.0	7364.0	11283.0	14472.0	18271.0	22262.0	27071.0	32877.0	39455.0	46646.0	55453.0	62924.0	69749.0	77290.0	85508.0	94786.0	106709.0	122294.0	144049.0	173552.0	209980.0	269122.0	371617.0	566027.0	486147.0
	12.0	13.0	14.0	15.0	16.0	17.0	18.0	19.0	20.0	21.0	22.0	23.0	24.0	25.0	26.0	27.0	28.0	29.0	30.0	31.0	32.0	33.0	34.0	35.0	36.0	37.0	38.0	39.0	40.0
lane7-s559-index--CGTACTAG-TATGCAGT-ACR-134-4-NexteraFlex-Full_S559_L007_R2_001	20.0	153.0	664.0	1720.0	4538.0	10052.0	15072.0	18762.0	22051.0	26543.0	32194.0	38659.0	45140.0	53116.0	62266.0	70996.0	79193.0	87881.0	97813.0	108192.0	121076.0	139286.0	165343.0	196498.0	234029.0	292530.0	390144.0	570492.0	517579.0
	11.0	12.0	13.0	14.0	15.0	16.0	17.0	18.0	19.0	20.0	21.0	22.0	23.0	24.0	25.0	26.0	27.0	28.0	29.0	30.0	31.0	32.0	33.0	34.0	35.0	36.0	37.0	38.0	39.0	40.0
lane7-s560-index--AGGCAGAA-CTCCTTAC-ACR-134-5-NexteraFlex-Full_S560_L007_R2_001	2.0	31.0	267.0	926.0	2147.0	5598.0	11914.0	18351.0	23135.0	28276.0	33991.0	41061.0	48626.0	57712.0	68270.0	79635.0	91363.0	101124.0	111898.0	123813.0	137343.0	156847.0	191420.0	231203.0	280257.0	333362.0	423126.0	582530.0	960179.0	1127768.0
	11.0	12.0	13.0	14.0	15.0	16.0	17.0	18.0	19.0	20.0	21.0	22.0	23.0	24.0	25.0	26.0	27.0	28.0	29.0	30.0	31.0	32.0	33.0	34.0	35.0	36.0	37.0	38.0	39.0	40.0
lane7-s561-index--TAAGGCGA-TCTTACGC-SHI-Plate1-A1-1-NexteraFlex-Full_S561_L007_R2_001	1.0	9.0	82.0	370.0	1210.0	3466.0	7126.0	10602.0	14430.0	18120.0	22671.0	27255.0	32662.0	37964.0	43999.0	50645.0	57317.0	65883.0	74985.0	86274.0	99092.0	115339.0	137295.0	165862.0	202247.0	254649.0	331635.0	449555.0	622314.0	464190.0
	11.0	12.0	13.0	14.0	15.0	16.0	17.0	18.0	19.0	20.0	21.0	22.0	23.0	24.0	25.0	26.0	27.0	28.0	29.0	30.0	31.0	32.0	33.0	34.0	35.0	36.0	37.0	38.0	39.0	40.0
lane7-s562-index--CTCTCTAC-AGAGGATA-SHI-Plate1-A1-2-NexteraFlex-Full_S562_L007_R2_001	3.0	18.0	53.0	217.0	969.0	2810.0	5745.0	8802.0	12042.0	15352.0	19771.0	24040.0	28788.0	34334.0	39823.0	45652.0	52586.0	60088.0	68786.0	79053.0	91862.0	107250.0	128507.0	155324.0	191624.0	238674.0	308889.0	413736.0	557862.0	389119.0
	11.0	12.0	13.0	14.0	15.0	16.0	17.0	18.0	19.0	20.0	21.0	22.0	23.0	24.0	25.0	26.0	27.0	28.0	29.0	30.0	31.0	32.0	33.0	34.0	35.0	36.0	37.0	38.0	39.0	40.0
lane7-s563-index--GTAGAGGA-ACTCTAGG-SHI-Plate1-A1-3-NexteraFlex-Full_S563_L007_R2_001	6.0	18.0	79.0	319.0	1389.0	4416.0	8974.0	13411.0	17813.0	22711.0	27940.0	33374.0	38734.0	44350.0	50583.0	57041.0	64110.0	71606.0	81135.0	90925.0	103068.0	117544.0	135328.0	157149.0	184869.0	218711.0	261630.0	312337.0	357451.0	214995.0
	11.0	12.0	13.0	14.0	15.0	16.0	17.0	18.0	19.0	20.0	21.0	22.0	23.0	24.0	25.0	26.0	27.0	28.0	29.0	30.0	31.0	32.0	33.0	34.0	35.0	36.0	37.0	38.0	39.0	40.0
lane7-s564-index--AAGAGGCA-ATTAGACG-SHI-Plate1-A1-4-NexteraFlex-Full_S564_L007_R2_001	1.0	21.0	109.0	661.0	2754.0	7711.0	15673.0	22923.0	30342.0	38192.0	46419.0	54875.0	63781.0	73013.0	83023.0	92801.0	103888.0	115952.0	129775.0	146340.0	165108.0	187874.0	216483.0	251972.0	296909.0	354763.0	428837.0	521573.0	611712.0	388275.0
	12.0	13.0	14.0	15.0	16.0	17.0	18.0	19.0	20.0	21.0	22.0	23.0	24.0	25.0	26.0	27.0	28.0	29.0	30.0	31.0	32.0	33.0	34.0	35.0	36.0	37.0	38.0	39.0	40.0
lane7-s565-index--GCTCATGA-TCGCATAA-SHI-Plate1-A1-5-NexteraFlex-Full_S565_L007_R2_001	22.0	143.0	507.0	1691.0	4244.0	8046.0	11805.0	15728.0	19278.0	23576.0	27760.0	32337.0	36719.0	41851.0	46826.0	52333.0	58484.0	65499.0	73597.0	82969.0	94818.0	111118.0	131843.0	158380.0	189899.0	238400.0	306103.0	409327.0	334974.0
	11.0	12.0	13.0	14.0	15.0	16.0	17.0	18.0	19.0	20.0	21.0	22.0	23.0	24.0	25.0	26.0	27.0	28.0	29.0	30.0	31.0	32.0	33.0	34.0	35.0	36.0	37.0	38.0	39.0	40.0
lane7-s566-index--CGAGGCTG-CTAGTCGA-Mock-1-NexteraFlex-Full_S566_L007_R2_001	3.0	27.0	120.0	410.0	1464.0	4728.0	10536.0	16506.0	21301.0	25323.0	30173.0	36092.0	41748.0	48387.0	55234.0	63556.0	71350.0	80936.0	91369.0	104070.0	118040.0	135904.0	160416.0	190915.0	229471.0	281208.0	354053.0	463878.0	639092.0	523934.0
	11.0	12.0	13.0	14.0	15.0	16.0	17.0	18.0	19.0	20.0	21.0	22.0	23.0	24.0	25.0	26.0	27.0	28.0	29.0	30.0	31.0	32.0	33.0	34.0	35.0	36.0	37.0	38.0	39.0	40.0
lane7-s567-index--AGGCAGAA-TCTTACGC-Mock-2-NexteraFlex-Full_S567_L007_R2_001	2.0	22.0	251.0	823.0	2062.0	5652.0	11939.0	18069.0	22639.0	27141.0	32316.0	37112.0	43109.0	48913.0	55210.0	62471.0	69787.0	77654.0	87147.0	98289.0	110585.0	126781.0	147850.0	175864.0	212711.0	263691.0	340848.0	462820.0	656042.0	519063.0
	11.0	12.0	13.0	14.0	15.0	16.0	17.0	18.0	19.0	20.0	21.0	22.0	23.0	24.0	25.0	26.0	27.0	28.0	29.0	30.0	31.0	32.0	33.0	34.0	35.0	36.0	37.0	38.0	39.0	40.0
lane7-s568-index--TAAGGCGA-TATGCAGT-Mock-3-NexteraFlex-Full_S568_L007_R2_001	7.0	25.0	195.0	713.0	2225.0	5733.0	12069.0	18796.0	24614.0	30535.0	37232.0	44882.0	53128.0	61817.0	71810.0	81739.0	93174.0	105575.0	119119.0	136388.0	156019.0	179848.0	212198.0	252734.0	309216.0	386994.0	505234.0	692458.0	987627.0	772181.0
	12.0	13.0	14.0	15.0	16.0	17.0	18.0	19.0	20.0	21.0	22.0	23.0	24.0	25.0	26.0	27.0	28.0	29.0	30.0	31.0	32.0	33.0	34.0	35.0	36.0	37.0	38.0	39.0	40.0
lane7-s569-index--CGTACTAG-CTCCTTAC-Mock-4-NexteraFlex-Full_S569_L007_R2_001	30.0	147.0	506.0	1500.0	4128.0	8755.0	13358.0	16984.0	20007.0	23410.0	27441.0	31667.0	35836.0	40755.0	45605.0	51191.0	56977.0	63604.0	71064.0	80905.0	91547.0	106814.0	126723.0	151289.0	184440.0	233999.0	309729.0	420816.0	311081.0
	11.0	12.0	13.0	14.0	15.0	16.0	17.0	18.0	19.0	20.0	21.0	22.0	23.0	24.0	25.0	26.0	27.0	28.0	29.0	30.0	31.0	32.0	33.0	34.0	35.0	36.0	37.0	38.0	39.0	40.0
lane7-s570-index--TAGCGCTC-AGAGGATA-Mock-5-NexteraFlex-Full_S570_L007_R2_001	4.0	30.0	68.0	339.0	1767.0	7286.0	17215.0	25243.0	29534.0	32329.0	35896.0	40862.0	47138.0	53980.0	62872.0	72961.0	83648.0	97354.0	113269.0	132344.0	157379.0	192477.0	252076.0	332482.0	431844.0	536493.0	718636.0	1034412.0	1735739.0	1659350.0
	12.0	13.0	14.0	15.0	16.0	17.0	18.0	19.0	20.0	21.0	22.0	23.0	24.0	25.0	26.0	27.0	28.0	29.0	30.0	31.0	32.0	33.0	34.0	35.0	36.0	37.0	38.0	39.0	40.0
lane7-s571-index--GGACTCCT-CTCCTTAC-YZ5-1-NexteraFlex-Reduced_S571_L007_R2_001	74.0	717.0	1914.0	3858.0	6970.0	10646.0	13382.0	15530.0	17753.0	19831.0	22314.0	24971.0	27831.0	31124.0	34614.0	38188.0	42654.0	47662.0	54420.0	62746.0	78635.0	110496.0	143955.0	188881.0	215382.0	261005.0	339406.0	559264.0	773456.0
	12.0	13.0	14.0	15.0	16.0	17.0	18.0	19.0	20.0	21.0	22.0	23.0	24.0	25.0	26.0	27.0	28.0	29.0	30.0	31.0	32.0	33.0	34.0	35.0	36.0	37.0	38.0	39.0	40.0
lane7-s572-index--CTCTCTAC-TCTTACGC-YZ5-2-NexteraFlex-Reduced_S572_L007_R2_001	67.0	846.0	2232.0	4674.0	8823.0	12573.0	15321.0	17258.0	19459.0	21823.0	23867.0	26494.0	29653.0	33197.0	36639.0	40792.0	45518.0	50308.0	57438.0	66683.0	83619.0	119897.0	156347.0	204757.0	237535.0	287799.0	372877.0	615501.0	884325.0
	12.0	13.0	14.0	15.0	16.0	17.0	18.0	19.0	20.0	21.0	22.0	23.0	24.0	25.0	26.0	27.0	28.0	29.0	30.0	31.0	32.0	33.0	34.0	35.0	36.0	37.0	38.0	39.0	40.0
lane7-s573-index--TAGCGCTC-TATGCAGT-YZ5-3-NexteraFlex-Reduced_S573_L007_R2_001	20.0	237.0	843.0	2074.0	4074.0	6636.0	8509.0	10215.0	11702.0	13708.0	15583.0	18027.0	20208.0	23229.0	25831.0	29744.0	34281.0	38520.0	44300.0	52617.0	67226.0	96762.0	128030.0	167226.0	193730.0	238773.0	315487.0	522369.0	557940.0
	11.0	12.0	13.0	14.0	15.0	16.0	17.0	18.0	19.0	20.0	21.0	22.0	23.0	24.0	25.0	26.0	27.0	28.0	29.0	30.0	31.0	32.0	33.0	34.0	35.0	36.0	37.0	38.0	39.0	40.0
lane7-s574-index--TAGGCATG-AGAGGATA-YZ5-4-NexteraFlex-Reduced_S574_L007_R2_001	3.0	26.0	149.0	661.0	2089.0	4773.0	7870.0	10111.0	12027.0	13965.0	15980.0	17998.0	20511.0	23090.0	26237.0	29565.0	33219.0	37486.0	42785.0	48839.0	57812.0	73121.0	103876.0	137093.0	180901.0	210180.0	257076.0	336483.0	564133.0	753867.0
	9.0	10.0	11.0	12.0	13.0	14.0	15.0	16.0	17.0	18.0	19.0	20.0	21.0	22.0	23.0	24.0	25.0	26.0	27.0	28.0	29.0	30.0	31.0	32.0	33.0	34.0	35.0	36.0	37.0	38.0	39.0	40.0
lane7-s575-index--CGAGGCTG-ACTCTAGG-YZ5-5-NexteraFlex-Reduced_S575_L007_R2_001	1.0	0.0	3.0	63.0	634.0	2600.0	7167.0	14322.0	22291.0	28236.0	33212.0	38506.0	43040.0	47752.0	53858.0	59470.0	65630.0	72545.0	80273.0	89317.0	99008.0	111356.0	126697.0	150122.0	192841.0	240985.0	304175.0	356692.0	442944.0	577761.0	942131.0	1265411.0
	12.0	13.0	14.0	15.0	16.0	17.0	18.0	19.0	20.0	21.0	22.0	23.0	24.0	25.0	26.0	27.0	28.0	29.0	30.0	31.0	32.0	33.0	34.0	35.0	36.0	37.0	38.0	39.0	40.0
lane7-s576-index--TAAGGCGA-TCGCATAA-ACR-134-1-NexteraFlex-Reduced_S576_L007_R2_001	56.0	588.0	1392.0	2879.0	5362.0	8426.0	11277.0	13443.0	15590.0	18208.0	21025.0	23911.0	28016.0	31872.0	36910.0	41056.0	44387.0	48504.0	53554.0	59622.0	69015.0	88869.0	113315.0	147659.0	174773.0	211373.0	273794.0	456086.0	765953.0
	11.0	12.0	13.0	14.0	15.0	16.0	17.0	18.0	19.0	20.0	21.0	22.0	23.0	24.0	25.0	26.0	27.0	28.0	29.0	30.0	31.0	32.0	33.0	34.0	35.0	36.0	37.0	38.0	39.0	40.0
lane7-s577-index--CGTACTAG-CTAGTCGA-ACR-134-2-NexteraFlex-Reduced_S577_L007_R2_001	3.0	29.0	295.0	1029.0	2938.0	5905.0	9602.0	13085.0	15723.0	18724.0	21723.0	24772.0	28138.0	31877.0	36406.0	41495.0	45879.0	50493.0	55538.0	60563.0	67735.0	78258.0	101496.0	126803.0	162609.0	189305.0	229761.0	294007.0	486079.0	753688.0
	11.0	12.0	13.0	14.0	15.0	16.0	17.0	18.0	19.0	20.0	21.0	22.0	23.0	24.0	25.0	26.0	27.0	28.0	29.0	30.0	31.0	32.0	33.0	34.0	35.0	36.0	37.0	38.0	39.0	40.0
lane7-s578-index--AGGCAGAA-ATTAGACG-ACR-134-3-NexteraFlex-Reduced_S578_L007_R2_001	1.0	66.0	635.0	2096.0	5202.0	9291.0	14383.0	18314.0	21551.0	24835.0	28413.0	32335.0	36994.0	41685.0	48101.0	54316.0	60331.0	65549.0	71233.0	78100.0	86898.0	101254.0	130439.0	165939.0	212865.0	245715.0	299377.0	382293.0	629246.0	936688.0
	11.0	12.0	13.0	14.0	15.0	16.0	17.0	18.0	19.0	20.0	21.0	22.0	23.0	24.0	25.0	26.0	27.0	28.0	29.0	30.0	31.0	32.0	33.0	34.0	35.0	36.0	37.0	38.0	39.0	40.0
lane7-s579-index--CTCTCTAC-TATGCAGT-ACR-134-4-NexteraFlex-Reduced_S579_L007_R2_001	2.0	34.0	285.0	961.0	2406.0	4922.0	7823.0	10685.0	13741.0	16636.0	20448.0	24284.0	28495.0	33817.0	40250.0	47134.0	53982.0	60412.0	66963.0	75280.0	85799.0	103576.0	140540.0	184641.0	246629.0	289481.0	357322.0	464205.0	793758.0	1117155.0
	11.0	12.0	13.0	14.0	15.0	16.0	17.0	18.0	19.0	20.0	21.0	22.0	23.0	24.0	25.0	26.0	27.0	28.0	29.0	30.0	31.0	32.0	33.0	34.0	35.0	36.0	37.0	38.0	39.0	40.0
lane7-s580-index--TAGCGCTC-CTCCTTAC-ACR-134-5-NexteraFlex-Reduced_S580_L007_R2_001	2.0	53.0	633.0	1794.0	4141.0	8022.0	13248.0	17293.0	21318.0	25211.0	30185.0	35439.0	40908.0	48241.0	56082.0	65191.0	73434.0	81480.0	89783.0	100023.0	111272.0	129334.0	159311.0	199785.0	257245.0	306318.0	385295.0	516565.0	854007.0	965178.0
	11.0	12.0	13.0	14.0	15.0	16.0	17.0	18.0	19.0	20.0	21.0	22.0	23.0	24.0	25.0	26.0	27.0	28.0	29.0	30.0	31.0	32.0	33.0	34.0	35.0	36.0	37.0	38.0	39.0	40.0
lane7-s581-index--GGACTCCT-TCTTACGC-SHI-Plate1-A1-1-NexteraFlex-Reduced_S581_L007_R2_001	1.0	223.0	2417.0	6653.0	14210.0	25836.0	37662.0	47965.0	56086.0	63866.0	70317.0	76803.0	81900.0	87697.0	93196.0	98272.0	104337.0	110553.0	118271.0	127898.0	136807.0	152003.0	174759.0	201563.0	235250.0	271171.0	325354.0	408350.0	593359.0	693843.0
	11.0	12.0	13.0	14.0	15.0	16.0	17.0	18.0	19.0	20.0	21.0	22.0	23.0	24.0	25.0	26.0	27.0	28.0	29.0	30.0	31.0	32.0	33.0	34.0	35.0	36.0	37.0	38.0	39.0	40.0
lane7-s582-index--GTAGAGGA-AGAGGATA-SHI-Plate1-A1-2-NexteraFlex-Reduced_S582_L007_R2_001	20.0	110.0	659.0	2474.0	7007.0	15292.0	24946.0	33592.0	40934.0	48519.0	55525.0	62361.0	69977.0	76844.0	84427.0	92092.0	100630.0	109662.0	120420.0	133679.0	149940.0	172939.0	210729.0	252476.0	303653.0	356383.0	435771.0	561488.0	851745.0	976008.0
	11.0	12.0	13.0	14.0	15.0	16.0	17.0	18.0	19.0	20.0	21.0	22.0	23.0	24.0	25.0	26.0	27.0	28.0	29.0	30.0	31.0	32.0	33.0	34.0	35.0	36.0	37.0	38.0	39.0	40.0
lane7-s583-index--AAGAGGCA-ACTCTAGG-SHI-Plate1-A1-3-NexteraFlex-Reduced_S583_L007_R2_001	2.0	61.0	782.0	2902.0	7509.0	16277.0	25706.0	33999.0	40835.0	47940.0	54374.0	60367.0	66445.0	72196.0	78113.0	83638.0	90241.0	96946.0	105223.0	114226.0	125717.0	141482.0	167334.0	194976.0	230977.0	266302.0	321035.0	406631.0	600990.0	740752.0
	11.0	12.0	13.0	14.0	15.0	16.0	17.0	18.0	19.0	20.0	21.0	22.0	23.0	24.0	25.0	26.0	27.0	28.0	29.0	30.0	31.0	32.0	33.0	34.0	35.0	36.0	37.0	38.0	39.0	40.0
lane7-s584-index--CGTACTAG-ATTAGACG-SHI-Plate1-A1-4-NexteraFlex-Reduced_S584_L007_R2_001	1.0	74.0	623.0	2243.0	6040.0	12654.0	19092.0	24291.0	28325.0	32312.0	35312.0	38333.0	41118.0	43472.0	46865.0	49733.0	53649.0	56932.0	60798.0	66470.0	72835.0	82375.0	98700.0	116167.0	138278.0	158661.0	191530.0	242583.0	362795.0	456842.0
	11.0	12.0	13.0	14.0	15.0	16.0	17.0	18.0	19.0	20.0	21.0	22.0	23.0	24.0	25.0	26.0	27.0	28.0	29.0	30.0	31.0	32.0	33.0	34.0	35.0	36.0	37.0	38.0	39.0	40.0
lane7-s585-index--AGGCAGAA-TCGCATAA-SHI-Plate1-A1-5-NexteraFlex-Reduced_S585_L007_R2_001	5.0	496.0	5876.0	16738.0	34119.0	53944.0	69731.0	79525.0	87496.0	93552.0	98949.0	104806.0	109818.0	114800.0	119573.0	124430.0	130060.0	135704.0	143402.0	150882.0	160612.0	173613.0	193862.0	219691.0	251610.0	285979.0	338598.0	417127.0	589011.0	682048.0
	11.0	12.0	13.0	14.0	15.0	16.0	17.0	18.0	19.0	20.0	21.0	22.0	23.0	24.0	25.0	26.0	27.0	28.0	29.0	30.0	31.0	32.0	33.0	34.0	35.0	36.0	37.0	38.0	39.0	40.0
lane7-s586-index--TAAGGCGA-CTAGTCGA-Mock-1-NexteraFlex-Reduced_S586_L007_R2_001	1.0	77.0	949.0	3272.0	8096.0	16624.0	26425.0	33553.0	39293.0	44256.0	50203.0	55273.0	61474.0	67984.0	74152.0	81699.0	89344.0	96682.0	107415.0	117303.0	129988.0	147238.0	175907.0	209803.0	256140.0	300582.0	369779.0	484763.0	750748.0	925687.0
	11.0	12.0	13.0	14.0	15.0	16.0	17.0	18.0	19.0	20.0	21.0	22.0	23.0	24.0	25.0	26.0	27.0	28.0	29.0	30.0	31.0	32.0	33.0	34.0	35.0	36.0	37.0	38.0	39.0	40.0
lane7-s587-index--CGGAGCCT-ACTCTAGG-Mock-2-NexteraFlex-Reduced_S587_L007_R2_001	2.0	57.0	523.0	2086.0	6811.0	16002.0	27009.0	36645.0	44460.0	51365.0	58810.0	64656.0	72256.0	79708.0	87550.0	94822.0	103810.0	113658.0	123891.0	136082.0	149997.0	170586.0	198714.0	236748.0	284737.0	333554.0	409325.0	529687.0	803681.0	957812.0
	12.0	13.0	14.0	15.0	16.0	17.0	18.0	19.0	20.0	21.0	22.0	23.0	24.0	25.0	26.0	27.0	28.0	29.0	30.0	31.0	32.0	33.0	34.0	35.0	36.0	37.0	38.0	39.0	40.0
lane7-s588-index--GCTCATGA-CTAGTCGA-Mock-3-NexteraFlex-Reduced_S588_L007_R2_001	112.0	1617.0	4230.0	8866.0	16803.0	24732.0	30441.0	35107.0	39330.0	43848.0	48506.0	52643.0	57812.0	62805.0	68197.0	73992.0	80297.0	87130.0	95273.0	105864.0	119119.0	139786.0	166592.0	201029.0	235746.0	289903.0	376802.0	581890.0	691759.0
	11.0	12.0	13.0	14.0	15.0	16.0	17.0	18.0	19.0	20.0	21.0	22.0	23.0	24.0	25.0	26.0	27.0	28.0	29.0	30.0	31.0	32.0	33.0	34.0	35.0	36.0	37.0	38.0	39.0	40.0
lane7-s589-index--CGAGGCTG-ATTAGACG-Mock-4-NexteraFlex-Reduced_S589_L007_R2_001	1.0	44.0	481.0	2074.0	6454.0	13624.0	21409.0	27696.0	32678.0	36627.0	40590.0	44699.0	48621.0	53405.0	57605.0	62519.0	67606.0	73983.0	80513.0	87788.0	97025.0	109750.0	128937.0	152997.0	182719.0	213659.0	261571.0	335457.0	507110.0	610267.0
	11.0	12.0	13.0	14.0	15.0	16.0	17.0	18.0	19.0	20.0	21.0	22.0	23.0	24.0	25.0	26.0	27.0	28.0	29.0	30.0	31.0	32.0	33.0	34.0	35.0	36.0	37.0	38.0	39.0	40.0
lane7-s590-index--AAGAGGCA-TCGCATAA-Mock-5-NexteraFlex-Reduced_S590_L007_R2_001	6.0	349.0	4038.0	8881.0	15735.0	26278.0	37364.0	45231.0	50825.0	55666.0	61387.0	66564.0	72239.0	78259.0	84808.0	91692.0	99228.0	107243.0	115978.0	125915.0	139450.0	155827.0	181515.0	212254.0	254363.0	299783.0	365416.0	474161.0	724570.0	964455.0
	11.0	12.0	13.0	14.0	15.0	16.0	17.0	18.0	19.0	20.0	21.0	22.0	23.0	24.0	25.0	26.0	27.0	28.0	29.0	30.0	31.0	32.0	33.0	34.0	35.0	36.0	37.0	38.0	39.0	40.0
lane7-s591-index--ATTACTCG-AGGCTATA-YZ5-1-QIAseqFX_S591_L007_R2_001	1.0	21.0	191.0	739.0	1275.0	2420.0	3904.0	5723.0	7539.0	9762.0	12373.0	15356.0	18708.0	23198.0	27836.0	38018.0	74368.0	71636.0	51252.0	52878.0	59859.0	69504.0	82415.0	99561.0	123268.0	159617.0	218557.0	334714.0	649935.0	969424.0
	11.0	12.0	13.0	14.0	15.0	16.0	17.0	18.0	19.0	20.0	21.0	22.0	23.0	24.0	25.0	26.0	27.0	28.0	29.0	30.0	31.0	32.0	33.0	34.0	35.0	36.0	37.0	38.0	39.0	40.0
lane7-s592-index--ATTACTCG-GCCTCTAT-YZ5-2-QIAseqFX_S592_L007_R2_001	1.0	18.0	236.0	839.0	1554.0	2780.0	4274.0	6254.0	8149.0	10303.0	13244.0	16656.0	20221.0	24694.0	29854.0	38210.0	64456.0	61765.0	52966.0	57898.0	67142.0	77261.0	92035.0	110660.0	136206.0	175130.0	240175.0	363148.0	681383.0	941600.0
	11.0	12.0	13.0	14.0	15.0	16.0	17.0	18.0	19.0	20.0	21.0	22.0	23.0	24.0	25.0	26.0	27.0	28.0	29.0	30.0	31.0	32.0	33.0	34.0	35.0	36.0	37.0	38.0	39.0	40.0
lane7-s593-index--ATTACTCG-AGGATAGG-YZ5-3-QIAseqFX_S593_L007_R2_001	1.0	33.0	202.0	716.0	1311.0	2310.0	3935.0	5699.0	7596.0	9790.0	12383.0	15398.0	18316.0	22451.0	27972.0	36655.0	65321.0	60542.0	47301.0	50855.0	57667.0	67516.0	79466.0	95580.0	117876.0	152555.0	209317.0	319103.0	619412.0	833246.0
	11.0	12.0	13.0	14.0	15.0	16.0	17.0	18.0	19.0	20.0	21.0	22.0	23.0	24.0	25.0	26.0	27.0	28.0	29.0	30.0	31.0	32.0	33.0	34.0	35.0	36.0	37.0	38.0	39.0	40.0
lane7-s594-index--ATTACTCG-TCAGAGCC-YZ5-4-QIAseqFX_S594_L007_R2_001	2.0	12.0	242.0	855.0	1719.0	2990.0	5004.0	7225.0	9429.0	11865.0	14833.0	17692.0	21946.0	25938.0	31519.0	41998.0	81031.0	76284.0	54492.0	54964.0	61990.0	71612.0	83592.0	100462.0	122932.0	156459.0	212679.0	319449.0	587204.0	834136.0
	11.0	12.0	13.0	14.0	15.0	16.0	17.0	18.0	19.0	20.0	21.0	22.0	23.0	24.0	25.0	26.0	27.0	28.0	29.0	30.0	31.0	32.0	33.0	34.0	35.0	36.0	37.0	38.0	39.0	40.0
lane7-s595-index--ATTACTCG-CTTCGCCT-YZ5-5-QIAseqFX_S595_L007_R2_001	1.0	21.0	137.0	489.0	787.0	1562.0	2656.0	3984.0	5192.0	6728.0	8533.0	10446.0	12770.0	15159.0	18150.0	22411.0	36889.0	38193.0	33046.0	35634.0	40912.0	47505.0	55901.0	67589.0	82948.0	107534.0	145625.0	220370.0	415728.0	625498.0
	11.0	12.0	13.0	14.0	15.0	16.0	17.0	18.0	19.0	20.0	21.0	22.0	23.0	24.0	25.0	26.0	27.0	28.0	29.0	30.0	31.0	32.0	33.0	34.0	35.0	36.0	37.0	38.0	39.0	40.0
lane7-s596-index--ATTACTCG-TAAGATTA-ACR-134-1-QIAseqFX_S596_L007_R2_001	2.0	22.0	188.0	546.0	1095.0	1975.0	3365.0	5100.0	7013.0	9143.0	11840.0	15516.0	19976.0	25251.0	32594.0	43534.0	77469.0	75413.0	56293.0	56916.0	61120.0	67524.0	75959.0	87348.0	104570.0	129161.0	170152.0	252449.0	485601.0	783737.0
	11.0	12.0	13.0	14.0	15.0	16.0	17.0	18.0	19.0	20.0	21.0	22.0	23.0	24.0	25.0	26.0	27.0	28.0	29.0	30.0	31.0	32.0	33.0	34.0	35.0	36.0	37.0	38.0	39.0	40.0
lane7-s597-index--ATTACTCG-ACGTCCTG-ACR-134-2-QIAseqFX_S597_L007_R2_001	1.0	18.0	216.0	612.0	1087.0	1801.0	2961.0	4484.0	6243.0	8367.0	10737.0	13575.0	17370.0	21958.0	27784.0	36116.0	60577.0	59360.0	49044.0	51825.0	56193.0	62520.0	70894.0	82434.0	98404.0	121996.0	161395.0	238367.0	444690.0	684549.0
	12.0	13.0	14.0	15.0	16.0	17.0	18.0	19.0	20.0	21.0	22.0	23.0	24.0	25.0	26.0	27.0	28.0	29.0	30.0	31.0	32.0	33.0	34.0	35.0	36.0	37.0	38.0	39.0	40.0
lane7-s598-index--ATTACTCG-GTCAGTAC-ACR-134-3-QIAseqFX_S598_L007_R2_001	6.0	98.0	253.0	595.0	1098.0	1867.0	2516.0	3329.0	4276.0	5548.0	7132.0	9194.0	12230.0	17110.0	28563.0	70833.0	59828.0	29118.0	23834.0	24841.0	26900.0	30538.0	34583.0	41202.0	51193.0	67770.0	99131.0	184705.0	297550.0
	12.0	13.0	14.0	15.0	16.0	17.0	18.0	19.0	20.0	21.0	22.0	23.0	24.0	25.0	26.0	27.0	28.0	29.0	30.0	31.0	32.0	33.0	34.0	35.0	36.0	37.0	38.0	39.0	40.0
lane7-s599-index--TCCGGAGA-AGGCTATA-ACR-134-4-QIAseqFX_S599_L007_R2_001	10.0	156.0	734.0	1819.0	3171.0	4576.0	6317.0	8225.0	10493.0	13751.0	18463.0	24485.0	31567.0	41134.0	61865.0	127375.0	106919.0	58368.0	51521.0	54466.0	60075.0	67540.0	79241.0	94591.0	118366.0	159749.0	243619.0	461705.0	527099.0
	12.0	13.0	14.0	15.0	16.0	17.0	18.0	19.0	20.0	21.0	22.0	23.0	24.0	25.0	26.0	27.0	28.0	29.0	30.0	31.0	32.0	33.0	34.0	35.0	36.0	37.0	38.0	39.0	40.0
lane7-s600-index--TCCGGAGA-GCCTCTAT-ACR-134-5-QIAseqFX_S600_L007_R2_001	13.0	180.0	769.0	1786.0	3188.0	5414.0	7968.0	10645.0	14157.0	18396.0	24061.0	31769.0	40294.0	50260.0	64092.0	93743.0	86223.0	74961.0	78670.0	86334.0	96914.0	110573.0	130046.0	157877.0	199596.0	269647.0	409928.0	768211.0	809020.0
	11.0	12.0	13.0	14.0	15.0	16.0	17.0	18.0	19.0	20.0	21.0	22.0	23.0	24.0	25.0	26.0	27.0	28.0	29.0	30.0	31.0	32.0	33.0	34.0	35.0	36.0	37.0	38.0	39.0	40.0
lane7-s601-index--TCCGGAGA-AGGATAGG-SHI-Plate1-A1-1-QIAseqFX_S601_L007_R2_001	6.0	30.0	431.0	1594.0	2748.0	3938.0	5765.0	8067.0	10904.0	13763.0	17248.0	20930.0	25567.0	30840.0	37712.0	48919.0	75793.0	71721.0	63874.0	70948.0	80941.0	95241.0	113510.0	139180.0	173227.0	222236.0	301059.0	437411.0	703527.0	485070.0
	11.0	12.0	13.0	14.0	15.0	16.0	17.0	18.0	19.0	20.0	21.0	22.0	23.0	24.0	25.0	26.0	27.0	28.0	29.0	30.0	31.0	32.0	33.0	34.0	35.0	36.0	37.0	38.0	39.0	40.0
lane7-s602-index--TCCGGAGA-TCAGAGCC-SHI-Plate1-A1-2-QIAseqFX_S602_L007_R2_001	1.0	45.0	760.0	3121.0	5327.0	8180.0	12264.0	16754.0	22260.0	28049.0	34119.0	41441.0	49492.0	58244.0	70127.0	90445.0	144040.0	143493.0	118078.0	126234.0	144399.0	168796.0	198562.0	240876.0	295825.0	378671.0	505079.0	726652.0	1149959.0	911548.0
	12.0	13.0	14.0	15.0	16.0	17.0	18.0	19.0	20.0	21.0	22.0	23.0	24.0	25.0	26.0	27.0	28.0	29.0	30.0	31.0	32.0	33.0	34.0	35.0	36.0	37.0	38.0	39.0	40.0
lane7-s603-index--TCCGGAGA-CTTCGCCT-SHI-Plate1-A1-3-QIAseqFX_S603_L007_R2_001	30.0	522.0	1917.0	3366.0	5102.0	7510.0	10367.0	13800.0	17656.0	22222.0	27095.0	32360.0	38464.0	45664.0	56884.0	86601.0	86822.0	78021.0	86521.0	99615.0	116419.0	138561.0	167160.0	207673.0	266033.0	359411.0	522143.0	849315.0	711950.0
	11.0	12.0	13.0	14.0	15.0	16.0	17.0	18.0	19.0	20.0	21.0	22.0	23.0	24.0	25.0	26.0	27.0	28.0	29.0	30.0	31.0	32.0	33.0	34.0	35.0	36.0	37.0	38.0	39.0	40.0
lane7-s604-index--TCCGGAGA-TAAGATTA-SHI-Plate1-A1-4-QIAseqFX_S604_L007_R2_001	1.0	13.0	187.0	746.0	1118.0	1514.0	2133.0	2800.0	3953.0	4957.0	6380.0	7962.0	9646.0	11713.0	14212.0	17891.0	27832.0	28808.0	25823.0	28379.0	33583.0	39122.0	47636.0	58119.0	73042.0	94997.0	130478.0	195633.0	335471.0	273885.0
	11.0	12.0	13.0	14.0	15.0	16.0	17.0	18.0	19.0	20.0	21.0	22.0	23.0	24.0	25.0	26.0	27.0	28.0	29.0	30.0	31.0	32.0	33.0	34.0	35.0	36.0	37.0	38.0	39.0	40.0
lane7-s605-index--TCCGGAGA-ACGTCCTG-SHI-Plate1-A1-5-QIAseqFX_S605_L007_R2_001	3.0	19.0	241.0	1057.0	2082.0	3609.0	5749.0	8253.0	11136.0	14719.0	18445.0	22943.0	27520.0	32759.0	38331.0	46686.0	62946.0	66120.0	68641.0	78304.0	90983.0	107308.0	127956.0	155936.0	194553.0	250314.0	339045.0	494251.0	794067.0	599422.0
	11.0	12.0	13.0	14.0	15.0	16.0	17.0	18.0	19.0	20.0	21.0	22.0	23.0	24.0	25.0	26.0	27.0	28.0	29.0	30.0	31.0	32.0	33.0	34.0	35.0	36.0	37.0	38.0	39.0	40.0
lane7-s606-index--TCCGGAGA-GTCAGTAC-Mock-1-QIAseqFX_S606_L007_R2_001	1.0	18.0	214.0	958.0	2191.0	3850.0	5966.0	8076.0	10405.0	13564.0	17005.0	20949.0	26259.0	31595.0	40897.0	60185.0	109973.0	99100.0	69203.0	69616.0	79133.0	91716.0	109641.0	131920.0	164481.0	212584.0	289201.0	429430.0	725169.0	653278.0
	11.0	12.0	13.0	14.0	15.0	16.0	17.0	18.0	19.0	20.0	21.0	22.0	23.0	24.0	25.0	26.0	27.0	28.0	29.0	30.0	31.0	32.0	33.0	34.0	35.0	36.0	37.0	38.0	39.0	40.0
lane7-s607-index--CGCTCATT-AGGCTATA-Mock-2-QIAseqFX_S607_L007_R2_001	2.0	18.0	288.0	1234.0	2355.0	3528.0	5182.0	6703.0	8621.0	10535.0	13273.0	16339.0	19655.0	24348.0	30147.0	41942.0	80104.0	85957.0	59351.0	58860.0	67179.0	78781.0	94023.0	114861.0	144425.0	189140.0	262351.0	406134.0	758735.0	854011.0
	11.0	12.0	13.0	14.0	15.0	16.0	17.0	18.0	19.0	20.0	21.0	22.0	23.0	24.0	25.0	26.0	27.0	28.0	29.0	30.0	31.0	32.0	33.0	34.0	35.0	36.0	37.0	38.0	39.0	40.0
lane7-s608-index--CGCTCATT-GCCTCTAT-Mock-3-rd2-QIAseqFX_S608_L007_R2_001	2.0	16.0	253.0	1047.0	1963.0	2875.0	3903.0	5075.0	6185.0	7852.0	9986.0	12199.0	15472.0	19108.0	24810.0	35803.0	74508.0	70665.0	46415.0	47942.0	55120.0	65001.0	77497.0	95652.0	119777.0	156150.0	218452.0	336275.0	621113.0	654906.0
	11.0	12.0	13.0	14.0	15.0	16.0	17.0	18.0	19.0	20.0	21.0	22.0	23.0	24.0	25.0	26.0	27.0	28.0	29.0	30.0	31.0	32.0	33.0	34.0	35.0	36.0	37.0	38.0	39.0	40.0
lane7-s609-index--CGCTCATT-AGGATAGG-Mock-4-rd2-QIAseqFX_S609_L007_R2_001	1.0	27.0	235.0	1112.0	1934.0	2986.0	4776.0	6346.0	8088.0	9992.0	12230.0	15125.0	18324.0	22272.0	27408.0	36627.0	63785.0	66407.0	50960.0	52888.0	60801.0	71401.0	85491.0	103957.0	129600.0	169343.0	235470.0	363229.0	673467.0	702583.0
	10.0	11.0	12.0	13.0	14.0	15.0	16.0	17.0	18.0	19.0	20.0	21.0	22.0	23.0	24.0	25.0	26.0	27.0	28.0	29.0	30.0	31.0	32.0	33.0	34.0	35.0	36.0	37.0	38.0	39.0	40.0
lane7-s610-index--CGCTCATT-TCAGAGCC-Mock-5-QIAseqFX_S610_L007_R2_001	1.0	0.0	23.0	195.0	842.0	1588.0	2659.0	4263.0	6044.0	7310.0	8983.0	11090.0	13123.0	15986.0	19268.0	23713.0	31095.0	52488.0	61333.0	46981.0	46912.0	54155.0	63309.0	75394.0	92656.0	116231.0	153238.0	213085.0	334198.0	639362.0	779361.0
	11.0	12.0	13.0	14.0	15.0	16.0	17.0	18.0	19.0	20.0	21.0	22.0	23.0	24.0	25.0	26.0	27.0	28.0	29.0	30.0	31.0	32.0	33.0	34.0	35.0	36.0	37.0	38.0	39.0	40.0
lane7-s611-index--TTGGAATG-ATAGAGAG-YZ5-1-plexWell96-1_S611_L007_R2_001	2.0	5.0	21.0	78.0	231.0	352.0	621.0	874.0	1051.0	1412.0	1799.0	2145.0	2781.0	3430.0	3970.0	4748.0	5576.0	6523.0	7496.0	8546.0	10177.0	11672.0	13694.0	15391.0	18838.0	25021.0	35231.0	54248.0	96640.0	109895.0
	12.0	13.0	14.0	15.0	16.0	17.0	18.0	19.0	20.0	21.0	22.0	23.0	24.0	25.0	26.0	27.0	28.0	29.0	30.0	31.0	32.0	33.0	34.0	35.0	36.0	37.0	38.0	39.0	40.0
lane7-s612-index--GGGACAAC-ATAGAGAG-YZ5-2-plexWell96-2_S612_L007_R2_001	4.0	22.0	135.0	382.0	527.0	769.0	1080.0	1319.0	1665.0	1987.0	2522.0	2967.0	3646.0	4426.0	5266.0	6250.0	7489.0	8733.0	10160.0	12029.0	13804.0	16104.0	19137.0	23417.0	31319.0	44824.0	69648.0	125672.0	139034.0
	12.0	13.0	14.0	15.0	16.0	17.0	18.0	19.0	20.0	21.0	22.0	23.0	24.0	25.0	26.0	27.0	28.0	29.0	30.0	31.0	32.0	33.0	34.0	35.0	36.0	37.0	38.0	39.0	40.0
lane7-s613-index--GCTGGATC-ATAGAGAG-YZ5-3-plexWell96-3_S613_L007_R2_001	3.0	11.0	65.0	235.0	512.0	866.0	1289.0	1567.0	1865.0	2462.0	2970.0	3705.0	4342.0	5225.0	6371.0	7615.0	8879.0	10251.0	12333.0	14664.0	16959.0	19825.0	23462.0	30203.0	40426.0	56940.0	88306.0	154468.0	151815.0
	12.0	13.0	14.0	15.0	16.0	17.0	18.0	19.0	20.0	21.0	22.0	23.0	24.0	25.0	26.0	27.0	28.0	29.0	30.0	31.0	32.0	33.0	34.0	35.0	36.0	37.0	38.0	39.0	40.0
lane7-s614-index--ACACTCAA-ATAGAGAG-YZ5-4-plexWell96-4_S614_L007_R2_001	1.0	16.0	134.0	248.0	324.0	458.0	623.0	807.0	1005.0	1316.0	1502.0	1794.0	2226.0	2690.0	3088.0	3628.0	4319.0	5020.0	5832.0	6736.0	7589.0	8793.0	10226.0	13037.0	17372.0	24337.0	37544.0	69484.0	102112.0
	12.0	13.0	14.0	15.0	16.0	17.0	18.0	19.0	20.0	21.0	22.0	23.0	24.0	25.0	26.0	27.0	28.0	29.0	30.0	31.0	32.0	33.0	34.0	35.0	36.0	37.0	38.0	39.0	40.0
lane7-s615-index--ACTAGCTA-ATAGAGAG-YZ5-5-plexWell96-5_S615_L007_R2_001	6.0	20.0	82.0	186.0	442.0	905.0	1249.0	1605.0	2095.0	2615.0	3291.0	3943.0	4799.0	5565.0	6527.0	7625.0	9000.0	10265.0	11965.0	13668.0	15584.0	17402.0	20259.0	24929.0	32866.0	46124.0	69493.0	127180.0	187912.0
	11.0	12.0	13.0	14.0	15.0	16.0	17.0	18.0	19.0	20.0	21.0	22.0	23.0	24.0	25.0	26.0	27.0	28.0	29.0	30.0	31.0	32.0	33.0	34.0	35.0	36.0	37.0	38.0	39.0	40.0
lane7-s616-index--GATGATTG-ATAGAGAG-ACR-134-1-plexWell96-6_S616_L007_R2_001	1.0	9.0	22.0	132.0	358.0	724.0	1264.0	1745.0	2302.0	2862.0	3457.0	4660.0	5679.0	6871.0	8852.0	10354.0	12447.0	13894.0	15926.0	18033.0	20447.0	22973.0	25200.0	28006.0	33657.0	42741.0	57986.0	90066.0	168150.0	208216.0
	12.0	13.0	14.0	15.0	16.0	17.0	18.0	19.0	20.0	21.0	22.0	23.0	24.0	25.0	26.0	27.0	28.0	29.0	30.0	31.0	32.0	33.0	34.0	35.0	36.0	37.0	38.0	39.0	40.0
lane7-s617-index--GCAATCTT-ATAGAGAG-ACR-134-2-plexWell96-7_S617_L007_R2_001	4.0	10.0	68.0	194.0	438.0	836.0	1329.0	1759.0	2345.0	2978.0	3776.0	4642.0	5750.0	7051.0	8844.0	10316.0	11617.0	12996.0	14623.0	16681.0	19274.0	21948.0	25733.0	31136.0	39693.0	53931.0	82406.0	159338.0	253410.0
	12.0	13.0	14.0	15.0	16.0	17.0	18.0	19.0	20.0	21.0	22.0	23.0	24.0	25.0	26.0	27.0	28.0	29.0	30.0	31.0	32.0	33.0	34.0	35.0	36.0	37.0	38.0	39.0	40.0
lane7-s618-index--AGAGTGTC-ATAGAGAG-ACR-134-3-plexWell96-8_S618_L007_R2_001	1.0	9.0	33.0	110.0	181.0	286.0	399.0	468.0	625.0	810.0	941.0	1213.0	1484.0	1866.0	2216.0	2638.0	2828.0	3274.0	3767.0	4423.0	5170.0	5881.0	7231.0	8720.0	11834.0	15935.0	25363.0	48806.0	63820.0
	11.0	12.0	13.0	14.0	15.0	16.0	17.0	18.0	19.0	20.0	21.0	22.0	23.0	24.0	25.0	26.0	27.0	28.0	29.0	30.0	31.0	32.0	33.0	34.0	35.0	36.0	37.0	38.0	39.0	40.0
lane7-s619-index--TTAATGCG-ATAGAGAG-ACR-134-4-plexWell96-9_S619_L007_R2_001	1.0	5.0	19.0	135.0	273.0	474.0	860.0	1288.0	1825.0	2201.0	2885.0	3596.0	4361.0	5470.0	6579.0	7848.0	9056.0	10041.0	11280.0	12246.0	12777.0	13397.0	14229.0	15995.0	19633.0	24815.0	32816.0	49273.0	92266.0	141440.0
	11.0	12.0	13.0	14.0	15.0	16.0	17.0	18.0	19.0	20.0	21.0	22.0	23.0	24.0	25.0	26.0	27.0	28.0	29.0	30.0	31.0	32.0	33.0	34.0	35.0	36.0	37.0	38.0	39.0	40.0
lane7-s620-index--TCCTATAT-ATAGAGAG-ACR-134-5-plexWell96-10_S620_L007_R2_001	1.0	9.0	25.0	98.0	299.0	779.0	1467.0	2176.0	2953.0	3934.0	4717.0	5674.0	7177.0	8780.0	10552.0	12964.0	15277.0	17222.0	19360.0	21458.0	24041.0	27264.0	30396.0	34922.0	40368.0	50702.0	68033.0	102259.0	194572.0	362512.0
	11.0	12.0	13.0	14.0	15.0	16.0	17.0	18.0	19.0	20.0	21.0	22.0	23.0	24.0	25.0	26.0	27.0	28.0	29.0	30.0	31.0	32.0	33.0	34.0	35.0	36.0	37.0	38.0	39.0	40.0
lane7-s621-index--CCATATCC-ATAGAGAG-SHI-Plate1-A1-1-plexWell96-11_S621_L007_R2_001	2.0	9.0	36.0	226.0	676.0	1425.0	2376.0	3292.0	4467.0	5817.0	7099.0	8527.0	9906.0	11515.0	13048.0	15094.0	16841.0	19099.0	22025.0	25198.0	28761.0	33105.0	38718.0	46196.0	57344.0	73706.0	98207.0	138280.0	217176.0	221776.0
	12.0	13.0	14.0	15.0	16.0	17.0	18.0	19.0	20.0	21.0	22.0	23.0	24.0	25.0	26.0	27.0	28.0	29.0	30.0	31.0	32.0	33.0	34.0	35.0	36.0	37.0	38.0	39.0	40.0
lane7-s622-index--AGCCGACG-ATAGAGAG-SHI-Plate1-A1-2-plexWell96-12_S622_L007_R2_001	17.0	87.0	295.0	511.0	899.0	1327.0	1596.0	2038.0	2595.0	2934.0	3522.0	4002.0	4810.0	5394.0	6025.0	6825.0	7635.0	8483.0	9639.0	10495.0	11622.0	13512.0	15667.0	19386.0	24199.0	31382.0	43779.0	69463.0	77781.0
	11.0	12.0	13.0	14.0	15.0	16.0	17.0	18.0	19.0	20.0	21.0	22.0	23.0	24.0	25.0	26.0	27.0	28.0	29.0	30.0	31.0	32.0	33.0	34.0	35.0	36.0	37.0	38.0	39.0	40.0
lane7-s623-index--CGAATTCA-ATAGAGAG-SHI-Plate1-A1-3-plexWell96-13_S623_L007_R2_001	1.0	11.0	51.0	262.0	643.0	1207.0	1967.0	2737.0	3710.0	4497.0	5673.0	6721.0	7644.0	8553.0	9905.0	11123.0	12416.0	13831.0	15517.0	17317.0	19334.0	21645.0	24662.0	28725.0	34878.0	43598.0	56866.0	77297.0	119074.0	130500.0
	12.0	13.0	14.0	15.0	16.0	17.0	18.0	19.0	20.0	21.0	22.0	23.0	24.0	25.0	26.0	27.0	28.0	29.0	30.0	31.0	32.0	33.0	34.0	35.0	36.0	37.0	38.0	39.0	40.0
lane7-s624-index--GTCAGACC-ATAGAGAG-SHI-Plate1-A1-4-plexWell96-14_S624_L007_R2_001	15.0	88.0	564.0	1142.0	1740.0	2416.0	3267.0	4329.0	5396.0	6720.0	7756.0	9295.0	10608.0	12323.0	13756.0	15724.0	17727.0	19962.0	22733.0	25767.0	29900.0	34811.0	40921.0	49921.0	62822.0	81297.0	111626.0	168999.0	167313.0
	11.0	12.0	13.0	14.0	15.0	16.0	17.0	18.0	19.0	20.0	21.0	22.0	23.0	24.0	25.0	26.0	27.0	28.0	29.0	30.0	31.0	32.0	33.0	34.0	35.0	36.0	37.0	38.0	39.0	40.0
lane7-s625-index--CATTGCCT-ATAGAGAG-SHI-Plate1-A1-5-plexWell96-15_S625_L007_R2_001	1.0	3.0	31.0	141.0	415.0	994.0	1796.0	2637.0	3515.0	4647.0	5681.0	6573.0	7679.0	8551.0	9770.0	11207.0	12286.0	13779.0	15380.0	17314.0	19954.0	22304.0	26037.0	30605.0	37242.0	47497.0	61350.0	85094.0	133392.0	145192.0
	12.0	13.0	14.0	15.0	16.0	17.0	18.0	19.0	20.0	21.0	22.0	23.0	24.0	25.0	26.0	27.0	28.0	29.0	30.0	31.0	32.0	33.0	34.0	35.0	36.0	37.0	38.0	39.0	40.0
lane7-s626-index--TAACCGCA-ATAGAGAG-Mock-1-plexWell96-16_S626_L007_R2_001	6.0	27.0	170.0	460.0	813.0	1163.0	1599.0	2019.0	2482.0	3043.0	3698.0	4557.0	5384.0	6306.0	7575.0	8780.0	10424.0	12238.0	14160.0	16463.0	19332.0	22443.0	26755.0	33461.0	44107.0	61624.0	92774.0	164949.0	207431.0
	12.0	13.0	14.0	15.0	16.0	17.0	18.0	19.0	20.0	21.0	22.0	23.0	24.0	25.0	26.0	27.0	28.0	29.0	30.0	31.0	32.0	33.0	34.0	35.0	36.0	37.0	38.0	39.0	40.0
lane7-s627-index--GCGCGAAG-ATAGAGAG-Mock-2-plexWell96-17_S627_L007_R2_001	4.0	31.0	163.0	406.0	606.0	838.0	1061.0	1326.0	1707.0	2092.0	2534.0	3023.0	3618.0	4433.0	5138.0	5973.0	6850.0	7753.0	8757.0	9759.0	10860.0	12247.0	14037.0	17251.0	22396.0	30712.0	46070.0	75425.0	66858.0
	11.0	12.0	13.0	14.0	15.0	16.0	17.0	18.0	19.0	20.0	21.0	22.0	23.0	24.0	25.0	26.0	27.0	28.0	29.0	30.0	31.0	32.0	33.0	34.0	35.0	36.0	37.0	38.0	39.0	40.0
lane7-s628-index--AACACGTG-ATAGAGAG-Mock-3-plexWell96-18_S628_L007_R2_001	1.0	16.0	62.0	460.0	976.0	1203.0	1447.0	1950.0	2540.0	3184.0	3907.0	4978.0	6013.0	7212.0	8488.0	9952.0	11727.0	14050.0	16130.0	19087.0	22382.0	25934.0	31527.0	38696.0	49428.0	65089.0	90331.0	131545.0	211941.0	203239.0
	12.0	13.0	14.0	15.0	16.0	17.0	18.0	19.0	20.0	21.0	22.0	23.0	24.0	25.0	26.0	27.0	28.0	29.0	30.0	31.0	32.0	33.0	34.0	35.0	36.0	37.0	38.0	39.0	40.0
lane7-s629-index--GTAGTCAC-ATAGAGAG-Mock-4-plexWell96-19_S629_L007_R2_001	9.0	31.0	170.0	415.0	744.0	1237.0	1654.0	2072.0	2477.0	3089.0	3732.0	4490.0	5488.0	6373.0	7495.0	8781.0	10544.0	12409.0	14177.0	16709.0	19965.0	23341.0	27910.0	34435.0	45773.0	64036.0	98610.0	174897.0	191429.0
	10.0	11.0	12.0	13.0	14.0	15.0	16.0	17.0	18.0	19.0	20.0	21.0	22.0	23.0	24.0	25.0	26.0	27.0	28.0	29.0	30.0	31.0	32.0	33.0	34.0	35.0	36.0	37.0	38.0	39.0	40.0
lane7-s630-index--GAGTTCTC-ATAGAGAG-Mock-5-plexWell96-20_S630_L007_R2_001	1.0	3.0	8.0	48.0	281.0	796.0	1803.0	3122.0	4426.0	5892.0	7315.0	8943.0	10913.0	12890.0	15613.0	18346.0	21260.0	25040.0	29004.0	33542.0	39402.0	46437.0	54197.0	64059.0	78239.0	98094.0	129149.0	178397.0	264861.0	439330.0	406304.0
	12.0	13.0	14.0	15.0	16.0	17.0	18.0	19.0	20.0	21.0	22.0	23.0	24.0	25.0	26.0	27.0	28.0	29.0	30.0	31.0	32.0	33.0	34.0	35.0	36.0	37.0	38.0	39.0	40.0
lane7-s631-index--GTGAGGAA-ATAGAGAG-YZ5-1-plexWell96-21_S631_L007_R2_001	4.0	8.0	96.0	267.0	405.0	821.0	1119.0	1459.0	1903.0	2351.0	2954.0	3538.0	4198.0	5159.0	5969.0	7250.0	8159.0	9349.0	10703.0	12247.0	14328.0	16316.0	17915.0	21259.0	27559.0	38026.0	57697.0	101629.0	119342.0
	12.0	13.0	14.0	15.0	16.0	17.0	18.0	19.0	20.0	21.0	22.0	23.0	24.0	25.0	26.0	27.0	28.0	29.0	30.0	31.0	32.0	33.0	34.0	35.0	36.0	37.0	38.0	39.0	40.0
lane7-s632-index--GATTCGTA-ATAGAGAG-YZ5-2-plexWell96-22_S632_L007_R2_001	2.0	30.0	99.0	247.0	492.0	800.0	1215.0	1466.0	1892.0	2389.0	2841.0	3513.0	4177.0	5161.0	6045.0	6900.0	8201.0	9593.0	10987.0	12797.0	14812.0	16839.0	19365.0	23460.0	30577.0	43087.0	65828.0	122594.0	173992.0
	12.0	13.0	14.0	15.0	16.0	17.0	18.0	19.0	20.0	21.0	22.0	23.0	24.0	25.0	26.0	27.0	28.0	29.0	30.0	31.0	32.0	33.0	34.0	35.0	36.0	37.0	38.0	39.0	40.0
lane7-s633-index--GATGCAAT-ATAGAGAG-YZ5-3-plexWell96-23_S633_L007_R2_001	6.0	19.0	92.0	264.0	566.0	945.0	1477.0	1815.0	2327.0	2941.0	3550.0	4232.0	5240.0	6211.0	7413.0	8473.0	9918.0	11718.0	13408.0	15382.0	18212.0	20247.0	23451.0	28228.0	36464.0	51580.0	79248.0	149360.0	230698.0
	12.0	13.0	14.0	15.0	16.0	17.0	18.0	19.0	20.0	21.0	22.0	23.0	24.0	25.0	26.0	27.0	28.0	29.0	30.0	31.0	32.0	33.0	34.0	35.0	36.0	37.0	38.0	39.0	40.0
lane7-s634-index--ACACGGTT-ATAGAGAG-YZ5-4-plexWell96-24_S634_L007_R2_001	5.0	31.0	112.0	250.0	432.0	707.0	957.0	1257.0	1687.0	2143.0	2561.0	3224.0	3963.0	4598.0	5508.0	6399.0	7691.0	8847.0	10420.0	12272.0	14344.0	16635.0	20705.0	25833.0	34765.0	48930.0	76867.0	142168.0	200904.0
	12.0	13.0	14.0	15.0	16.0	17.0	18.0	19.0	20.0	21.0	22.0	23.0	24.0	25.0	26.0	27.0	28.0	29.0	30.0	31.0	32.0	33.0	34.0	35.0	36.0	37.0	38.0	39.0	40.0
lane7-s635-index--GAGGCTGC-ATAGAGAG-YZ5-5-plexWell96-25_S635_L007_R2_001	6.0	27.0	93.0	295.0	611.0	1286.0	1761.0	2181.0	2744.0	3662.0	4562.0	5518.0	6855.0	7911.0	9722.0	11596.0	13647.0	16092.0	19100.0	22466.0	26511.0	31099.0	37001.0	47108.0	63150.0	90743.0	139344.0	245281.0	235013.0
	12.0	13.0	14.0	15.0	16.0	17.0	18.0	19.0	20.0	21.0	22.0	23.0	24.0	25.0	26.0	27.0	28.0	29.0	30.0	31.0	32.0	33.0	34.0	35.0	36.0	37.0	38.0	39.0	40.0
lane7-s636-index--ACAGTTCG-ATAGAGAG-ACR-134-1-plexWell96-26_S636_L007_R2_001	7.0	45.0	138.0	348.0	621.0	1089.0	1653.0	2350.0	3080.0	3806.0	4817.0	5903.0	6973.0	8479.0	10208.0	11780.0	13424.0	15056.0	16547.0	17827.0	19394.0	21960.0	25642.0	30738.0	38802.0	51714.0	77099.0	140691.0	200987.0
	12.0	13.0	14.0	15.0	16.0	17.0	18.0	19.0	20.0	21.0	22.0	23.0	24.0	25.0	26.0	27.0	28.0	29.0	30.0	31.0	32.0	33.0	34.0	35.0	36.0	37.0	38.0	39.0	40.0
lane7-s637-index--CGGAGATA-ATAGAGAG-ACR-134-2-plexWell96-27_S637_L007_R2_001	8.0	52.0	440.0	1029.0	1079.0	1163.0	1471.0	1894.0	2391.0	3050.0	3800.0	4627.0	5657.0	6819.0	8413.0	9710.0	11090.0	12409.0	13745.0	15320.0	17470.0	19468.0	22868.0	27266.0	34379.0	46636.0	70029.0	130385.0	197632.0
	12.0	13.0	14.0	15.0	16.0	17.0	18.0	19.0	20.0	21.0	22.0	23.0	24.0	25.0	26.0	27.0	28.0	29.0	30.0	31.0	32.0	33.0	34.0	35.0	36.0	37.0	38.0	39.0	40.0
lane7-s638-index--TCGCCAGC-ATAGAGAG-ACR-134-3-plexWell96-28_S638_L007_R2_001	4.0	30.0	268.0	899.0	1385.0	1712.0	2033.0	2434.0	3012.0	3489.0	4436.0	5361.0	6497.0	8263.0	10396.0	12390.0	14172.0	15996.0	18377.0	20873.0	23701.0	26802.0	30841.0	37902.0	49330.0	69219.0	108028.0	202877.0	235643.0
	12.0	13.0	14.0	15.0	16.0	17.0	18.0	19.0	20.0	21.0	22.0	23.0	24.0	25.0	26.0	27.0	28.0	29.0	30.0	31.0	32.0	33.0	34.0	35.0	36.0	37.0	38.0	39.0	40.0
lane7-s639-index--TGCACTGT-ATAGAGAG-ACR-134-4-plexWell96-29_S639_L007_R2_001	4.0	14.0	108.0	342.0	480.0	705.0	999.0	1225.0	1547.0	1997.0	2457.0	2997.0	3578.0	4527.0	5490.0	6710.0	7613.0	8436.0	9615.0	10739.0	11963.0	13037.0	14607.0	17625.0	22362.0	30632.0	47148.0	90464.0	137635.0
	11.0	12.0	13.0	14.0	15.0	16.0	17.0	18.0	19.0	20.0	21.0	22.0	23.0	24.0	25.0	26.0	27.0	28.0	29.0	30.0	31.0	32.0	33.0	34.0	35.0	36.0	37.0	38.0	39.0	40.0
lane7-s640-index--GTACGCGA-ATAGAGAG-ACR-134-5-plexWell96-30_S640_L007_R2_001	1.0	6.0	35.0	153.0	427.0	1011.0	1873.0	2819.0	3825.0	4837.0	6271.0	7852.0	9687.0	12120.0	14838.0	17881.0	21053.0	23769.0	27048.0	29802.0	34089.0	38329.0	44067.0	51443.0	62837.0	80113.0	109062.0	165331.0	305869.0	393460.0
	11.0	12.0	13.0	14.0	15.0	16.0	17.0	18.0	19.0	20.0	21.0	22.0	23.0	24.0	25.0	26.0	27.0	28.0	29.0	30.0	31.0	32.0	33.0	34.0	35.0	36.0	37.0	38.0	39.0	40.0
lane7-s641-index--CTATCCGG-ATAGAGAG-SHI-Plate1-A1-1-plexWell96-31_S641_L007_R2_001	1.0	7.0	47.0	306.0	892.0	1933.0	3399.0	4886.0	6252.0	7814.0	9547.0	11689.0	13435.0	15662.0	17723.0	20103.0	22891.0	25845.0	29617.0	33659.0	38442.0	44561.0	51893.0	62276.0	77249.0	98400.0	129069.0	178884.0	268343.0	229893.0
	11.0	12.0	13.0	14.0	15.0	16.0	17.0	18.0	19.0	20.0	21.0	22.0	23.0	24.0	25.0	26.0	27.0	28.0	29.0	30.0	31.0	32.0	33.0	34.0	35.0	36.0	37.0	38.0	39.0	40.0
lane7-s642-index--CTTAGAGT-ATAGAGAG-SHI-Plate1-A1-2-plexWell96-32_S642_L007_R2_001	1.0	13.0	88.0	400.0	1010.0	1922.0	3262.0	4658.0	6257.0	7902.0	9694.0	11428.0	13302.0	15279.0	17264.0	19661.0	22368.0	24906.0	28648.0	31812.0	36100.0	41377.0	46951.0	54749.0	67334.0	84795.0	110903.0	154800.0	240336.0	250760.0
	11.0	12.0	13.0	14.0	15.0	16.0	17.0	18.0	19.0	20.0	21.0	22.0	23.0	24.0	25.0	26.0	27.0	28.0	29.0	30.0	31.0	32.0	33.0	34.0	35.0	36.0	37.0	38.0	39.0	40.0
lane7-s643-index--CAAGGACC-ATAGAGAG-SHI-Plate1-A1-3-plexWell96-33_S643_L007_R2_001	1.0	4.0	62.0	444.0	1019.0	1717.0	2580.0	3682.0	4905.0	6185.0	7696.0	9351.0	10911.0	13225.0	15171.0	17446.0	20152.0	23095.0	26722.0	30859.0	35825.0	41918.0	48669.0	58450.0	74149.0	97025.0	129670.0	184796.0	292268.0	288512.0
	12.0	13.0	14.0	15.0	16.0	17.0	18.0	19.0	20.0	21.0	22.0	23.0	24.0	25.0	26.0	27.0	28.0	29.0	30.0	31.0	32.0	33.0	34.0	35.0	36.0	37.0	38.0	39.0	40.0
lane7-s644-index--AGACAGAG-ATAGAGAG-SHI-Plate1-A1-4-plexWell96-34_S644_L007_R2_001	2.0	4.0	56.0	99.0	137.0	176.0	206.0	271.0	333.0	393.0	494.0	565.0	658.0	807.0	890.0	1127.0	1225.0	1386.0	1678.0	1893.0	2146.0	2320.0	2668.0	3383.0	4436.0	6145.0	9248.0	15812.0	18063.0
	12.0	13.0	14.0	15.0	16.0	17.0	18.0	19.0	20.0	21.0	22.0	23.0	24.0	25.0	26.0	27.0	28.0	29.0	30.0	31.0	32.0	33.0	34.0	35.0	36.0	37.0	38.0	39.0	40.0
lane7-s645-index--TCGGATCA-ATAGAGAG-SHI-Plate1-A1-5-plexWell96-35_S645_L007_R2_001	6.0	29.0	168.0	384.0	615.0	995.0	1428.0	1858.0	2387.0	2966.0	3399.0	3938.0	4530.0	5195.0	6037.0	6796.0	7560.0	8342.0	9485.0	10942.0	12457.0	14718.0	17029.0	20739.0	25884.0	33346.0	44843.0	66110.0	60793.0
	12.0	13.0	14.0	15.0	16.0	17.0	18.0	19.0	20.0	21.0	22.0	23.0	24.0	25.0	26.0	27.0	28.0	29.0	30.0	31.0	32.0	33.0	34.0	35.0	36.0	37.0	38.0	39.0	40.0
lane7-s646-index--TAATGGAC-ATAGAGAG-Mock-1-plexWell96-36_S646_L007_R2_001	2.0	26.0	153.0	401.0	648.0	1136.0	1474.0	1936.0	2363.0	2880.0	3567.0	4434.0	5223.0	6398.0	7691.0	8879.0	10630.0	12265.0	13890.0	16227.0	18744.0	20956.0	23677.0	28348.0	36773.0	51238.0	76926.0	137060.0	166855.0
	11.0	12.0	13.0	14.0	15.0	16.0	17.0	18.0	19.0	20.0	21.0	22.0	23.0	24.0	25.0	26.0	27.0	28.0	29.0	30.0	31.0	32.0	33.0	34.0	35.0	36.0	37.0	38.0	39.0	40.0
lane7-s647-index--TAGCAACT-ATAGAGAG-Mock-2-plexWell96-37_S647_L007_R2_001	1.0	2.0	47.0	159.0	439.0	821.0	1301.0	1746.0	2241.0	2800.0	3544.0	4341.0	5300.0	6288.0	7227.0	8568.0	9786.0	11821.0	13432.0	15844.0	18165.0	20492.0	24011.0	28177.0	34643.0	44924.0	61129.0	91565.0	160392.0	203604.0
	11.0	12.0	13.0	14.0	15.0	16.0	17.0	18.0	19.0	20.0	21.0	22.0	23.0	24.0	25.0	26.0	27.0	28.0	29.0	30.0	31.0	32.0	33.0	34.0	35.0	36.0	37.0	38.0	39.0	40.0
lane7-s648-index--ATAGCACA-ATAGAGAG-Mock-3-plexWell96-38_S648_L007_R2_001	1.0	4.0	27.0	153.0	309.0	558.0	917.0	1216.0	1525.0	2014.0	2657.0	3025.0	3638.0	4401.0	5463.0	6124.0	7106.0	8193.0	9738.0	11079.0	12946.0	14784.0	16882.0	20011.0	25457.0	33027.0	44963.0	67235.0	117526.0	144283.0
	12.0	13.0	14.0	15.0	16.0	17.0	18.0	19.0	20.0	21.0	22.0	23.0	24.0	25.0	26.0	27.0	28.0	29.0	30.0	31.0	32.0	33.0	34.0	35.0	36.0	37.0	38.0	39.0	40.0
lane7-s649-index--ATCAACCG-ATAGAGAG-Mock-4-plexWell96-39_S649_L007_R2_001	5.0	41.0	119.0	248.0	411.0	697.0	972.0	1307.0	1745.0	2187.0	2689.0	3218.0	3936.0	4632.0	5426.0	6204.0	6980.0	7911.0	8941.0	9988.0	11167.0	12814.0	15354.0	19351.0	24912.0	33986.0	51013.0	91736.0	128451.0
	11.0	12.0	13.0	14.0	15.0	16.0	17.0	18.0	19.0	20.0	21.0	22.0	23.0	24.0	25.0	26.0	27.0	28.0	29.0	30.0	31.0	32.0	33.0	34.0	35.0	36.0	37.0	38.0	39.0	40.0
lane7-s650-index--TTCCTCAT-ATAGAGAG-Mock-5-plexWell96-40_S650_L007_R2_001	2.0	16.0	83.0	294.0	793.0	2034.0	3634.0	5259.0	6841.0	8503.0	10152.0	12089.0	14442.0	17036.0	19608.0	22600.0	26080.0	29708.0	33907.0	38630.0	44904.0	50916.0	58372.0	67586.0	81709.0	104931.0	141995.0	209277.0	366903.0	489676.0
	12.0	13.0	14.0	15.0	16.0	17.0	18.0	19.0	20.0	21.0	22.0	23.0	24.0	25.0	26.0	27.0	28.0	29.0	30.0	31.0	32.0	33.0	34.0	35.0	36.0	37.0	38.0	39.0	40.0
lane7-s651-index--AGCTACGT-ATAGAGAG-YZ5-1-plexWell96-41_S651_L007_R2_001	4.0	17.0	104.0	268.0	423.0	686.0	864.0	1048.0	1285.0	1502.0	1839.0	2236.0	2637.0	3141.0	3696.0	4390.0	4910.0	5955.0	6838.0	7602.0	9242.0	10765.0	13104.0	16277.0	21708.0	30531.0	46989.0	85209.0	107817.0
	11.0	12.0	13.0	14.0	15.0	16.0	17.0	18.0	19.0	20.0	21.0	22.0	23.0	24.0	25.0	26.0	27.0	28.0	29.0	30.0	31.0	32.0	33.0	34.0	35.0	36.0	37.0	38.0	39.0	40.0
lane7-s652-index--ATTCCATC-ATAGAGAG-YZ5-2-plexWell96-42_S652_L007_R2_001	1.0	3.0	16.0	69.0	172.0	355.0	628.0	897.0	1204.0	1429.0	1865.0	2137.0	2578.0	3191.0	3812.0	4637.0	5507.0	6213.0	7460.0	8456.0	10101.0	11626.0	13800.0	16296.0	20527.0	27389.0	38373.0	58857.0	107739.0	132683.0
	11.0	12.0	13.0	14.0	15.0	16.0	17.0	18.0	19.0	20.0	21.0	22.0	23.0	24.0	25.0	26.0	27.0	28.0	29.0	30.0	31.0	32.0	33.0	34.0	35.0	36.0	37.0	38.0	39.0	40.0
lane7-s653-index--GTTGTAGG-ATAGAGAG-YZ5-3-plexWell96-43_S653_L007_R2_001	1.0	5.0	26.0	112.0	259.0	528.0	885.0	1130.0	1533.0	2024.0	2574.0	3082.0	3846.0	4729.0	5686.0	6955.0	8247.0	9508.0	10996.0	12703.0	14114.0	15229.0	15369.0	17069.0	20852.0	27416.0	38796.0	60018.0	104408.0	100763.0
	12.0	13.0	14.0	15.0	16.0	17.0	18.0	19.0	20.0	21.0	22.0	23.0	24.0	25.0	26.0	27.0	28.0	29.0	30.0	31.0	32.0	33.0	34.0	35.0	36.0	37.0	38.0	39.0	40.0
lane7-s654-index--TGTGACTA-ATAGAGAG-YZ5-4-plexWell96-44_S654_L007_R2_001	5.0	15.0	103.0	299.0	553.0	913.0	1135.0	1380.0	1625.0	1958.0	2475.0	2812.0	3530.0	4235.0	5119.0	5907.0	6922.0	8008.0	9528.0	11166.0	12792.0	14407.0	15877.0	19527.0	25453.0	35439.0	55072.0	102713.0	150793.0
	12.0	13.0	14.0	15.0	16.0	17.0	18.0	19.0	20.0	21.0	22.0	23.0	24.0	25.0	26.0	27.0	28.0	29.0	30.0	31.0	32.0	33.0	34.0	35.0	36.0	37.0	38.0	39.0	40.0
lane7-s655-index--CGAAACGC-ATAGAGAG-YZ5-5-plexWell96-45_S655_L007_R2_001	1.0	19.0	75.0	247.0	518.0	864.0	1264.0	1644.0	2017.0	2677.0	3264.0	3925.0	4687.0	5609.0	6635.0	8002.0	9243.0	10929.0	12704.0	14546.0	17179.0	20838.0	25271.0	32246.0	43047.0	59846.0	91620.0	163913.0	196304.0
	11.0	12.0	13.0	14.0	15.0	16.0	17.0	18.0	19.0	20.0	21.0	22.0	23.0	24.0	25.0	26.0	27.0	28.0	29.0	30.0	31.0	32.0	33.0	34.0	35.0	36.0	37.0	38.0	39.0	40.0
lane7-s656-index--GTGTGATT-ATAGAGAG-ACR-134-1-plexWell96-46_S656_L007_R2_001	1.0	15.0	14.0	185.0	438.0	787.0	1307.0	2001.0	2604.0	3297.0	4070.0	5136.0	6284.0	7717.0	9355.0	11829.0	13617.0	15398.0	17567.0	19724.0	22425.0	25938.0	29048.0	32562.0	38577.0	48503.0	65683.0	99517.0	192511.0	284059.0
	13.0	14.0	15.0	16.0	17.0	18.0	19.0	20.0	21.0	22.0	23.0	24.0	25.0	26.0	27.0	28.0	29.0	30.0	31.0	32.0	33.0	34.0	35.0	36.0	37.0	38.0	39.0	40.0
lane7-s657-index--AGGCTGGA-ATAGAGAG-ACR-134-2-plexWell96-47_S657_L007_R2_001	7.0	39.0	96.0	198.0	321.0	492.0	547.0	681.0	810.0	1080.0	1312.0	1538.0	2026.0	2191.0	2573.0	2995.0	3412.0	3890.0	4340.0	4961.0	5559.0	6554.0	7969.0	10375.0	14090.0	21742.0	41355.0	54462.0
	12.0	13.0	14.0	15.0	16.0	17.0	18.0	19.0	20.0	21.0	22.0	23.0	24.0	25.0	26.0	27.0	28.0	29.0	30.0	31.0	32.0	33.0	34.0	35.0	36.0	37.0	38.0	39.0	40.0
lane7-s658-index--CGTGCTGG-ATAGAGAG-ACR-134-3-plexWell96-48_S658_L007_R2_001	9.0	17.0	127.0	403.0	845.0	1436.0	2133.0	2905.0	3718.0	4650.0	5925.0	7443.0	8973.0	10958.0	13277.0	15596.0	17620.0	19796.0	22308.0	25316.0	28411.0	33236.0	39372.0	48602.0	61990.0	85607.0	129778.0	231745.0	228050.0
	11.0	12.0	13.0	14.0	15.0	16.0	17.0	18.0	19.0	20.0	21.0	22.0	23.0	24.0	25.0	26.0	27.0	28.0	29.0	30.0	31.0	32.0	33.0	34.0	35.0	36.0	37.0	38.0	39.0	40.0
lane7-s659-index--AATAGGAT-ATAGAGAG-ACR-134-4-plexWell96-49_S659_L007_R2_001	1.0	9.0	33.0	152.0	362.0	542.0	773.0	1037.0	1316.0	1692.0	2203.0	2702.0	3320.0	4134.0	5057.0	6358.0	7381.0	8458.0	9462.0	10873.0	12209.0	13814.0	15880.0	18308.0	22107.0	27817.0	37829.0	58502.0	114815.0	220566.0
	12.0	13.0	14.0	15.0	16.0	17.0	18.0	19.0	20.0	21.0	22.0	23.0	24.0	25.0	26.0	27.0	28.0	29.0	30.0	31.0	32.0	33.0	34.0	35.0	36.0	37.0	38.0	39.0	40.0
lane7-s660-index--CGTCTGCC-ATAGAGAG-ACR-134-5-plexWell96-50_S660_L007_R2_001	4.0	13.0	114.0	364.0	753.0	1327.0	1865.0	2557.0	3322.0	4374.0	5383.0	6767.0	8412.0	10429.0	12866.0	14983.0	17348.0	19681.0	22087.0	25004.0	28541.0	33150.0	39874.0	48889.0	63306.0	86287.0	132038.0	238114.0	245490.0
	11.0	12.0	13.0	14.0	15.0	16.0	17.0	18.0	19.0	20.0	21.0	22.0	23.0	24.0	25.0	26.0	27.0	28.0	29.0	30.0	31.0	32.0	33.0	34.0	35.0	36.0	37.0	38.0	39.0	40.0
lane7-s661-index--GAATCTAG-ATAGAGAG-SHI-Plate1-A1-1-plexWell96-51_S661_L007_R2_001	1.0	10.0	74.0	511.0	1135.0	1844.0	2587.0	3532.0	4635.0	5761.0	7063.0	8131.0	9766.0	11084.0	12436.0	14148.0	15586.0	18057.0	20334.0	23122.0	26030.0	30065.0	34879.0	41042.0	49941.0	63652.0	83812.0	117005.0	181782.0	183686.0
	11.0	12.0	13.0	14.0	15.0	16.0	17.0	18.0	19.0	20.0	21.0	22.0	23.0	24.0	25.0	26.0	27.0	28.0	29.0	30.0	31.0	32.0	33.0	34.0	35.0	36.0	37.0	38.0	39.0	40.0
lane7-s662-index--ATGCGTCA-ATAGAGAG-SHI-Plate1-A1-2-plexWell96-52_S662_L007_R2_001	1.0	6.0	37.0	235.0	580.0	1269.0	2107.0	2878.0	3993.0	4999.0	6109.0	7292.0	8596.0	9765.0	11250.0	12754.0	14353.0	16315.0	18520.0	20765.0	23919.0	27483.0	32100.0	37445.0	45722.0	58563.0	76540.0	106506.0	163442.0	165482.0
	12.0	13.0	14.0	15.0	16.0	17.0	18.0	19.0	20.0	21.0	22.0	23.0	24.0	25.0	26.0	27.0	28.0	29.0	30.0	31.0	32.0	33.0	34.0	35.0	36.0	37.0	38.0	39.0	40.0
lane7-s663-index--GCAAGTAC-ATAGAGAG-SHI-Plate1-A1-3-plexWell96-53_S663_L007_R2_001	5.0	58.0	324.0	844.0	1691.0	2630.0	3957.0	5168.0	6541.0	8306.0	9924.0	11543.0	13362.0	15099.0	17493.0	19506.0	22157.0	25095.0	28400.0	32766.0	38041.0	43872.0	52269.0	64125.0	81842.0	108200.0	150310.0	229721.0	221674.0
	11.0	12.0	13.0	14.0	15.0	16.0	17.0	18.0	19.0	20.0	21.0	22.0	23.0	24.0	25.0	26.0	27.0	28.0	29.0	30.0	31.0	32.0	33.0	34.0	35.0	36.0	37.0	38.0	39.0	40.0
lane7-s664-index--ACTGACCT-ATAGAGAG-SHI-Plate1-A1-4-plexWell96-54_S664_L007_R2_001	1.0	7.0	48.0	189.0	476.0	884.0	1499.0	2174.0	2955.0	3733.0	4706.0	5579.0	6521.0	7545.0	8646.0	9765.0	11098.0	12444.0	14133.0	16309.0	18609.0	21266.0	24941.0	29510.0	36415.0	46225.0	60521.0	85064.0	131987.0	141034.0
	11.0	12.0	13.0	14.0	15.0	16.0	17.0	18.0	19.0	20.0	21.0	22.0	23.0	24.0	25.0	26.0	27.0	28.0	29.0	30.0	31.0	32.0	33.0	34.0	35.0	36.0	37.0	38.0	39.0	40.0
lane7-s665-index--GAAGACCA-ATAGAGAG-SHI-Plate1-A1-5-plexWell96-55_S665_L007_R2_001	2.0	6.0	41.0	222.0	657.0	1456.0	2512.0	3918.0	5215.0	6627.0	8282.0	9936.0	11521.0	13377.0	15398.0	17370.0	19822.0	22290.0	25645.0	28901.0	33281.0	38428.0	44633.0	53084.0	65533.0	82808.0	108956.0	150727.0	232883.0	247699.0
	11.0	12.0	13.0	14.0	15.0	16.0	17.0	18.0	19.0	20.0	21.0	22.0	23.0	24.0	25.0	26.0	27.0	28.0	29.0	30.0	31.0	32.0	33.0	34.0	35.0	36.0	37.0	38.0	39.0	40.0
lane7-s666-index--CAGAAGCG-ATAGAGAG-Mock-1-plexWell96-56_S666_L007_R2_001	1.0	24.0	199.0	908.0	1660.0	1920.0	2170.0	2693.0	3336.0	4106.0	5024.0	5873.0	7015.0	8218.0	9585.0	11102.0	12975.0	14848.0	17235.0	19445.0	22381.0	26036.0	30738.0	36588.0	45247.0	58154.0	79129.0	115559.0	196409.0	229460.0
	13.0	14.0	15.0	16.0	17.0	18.0	19.0	20.0	21.0	22.0	23.0	24.0	25.0	26.0	27.0	28.0	29.0	30.0	31.0	32.0	33.0	34.0	35.0	36.0	37.0	38.0	39.0	40.0
lane7-s667-index--AGCTCTAC-ATAGAGAG-Mock-2-plexWell96-57_S667_L007_R2_001	9.0	58.0	166.0	271.0	354.0	452.0	549.0	662.0	748.0	946.0	1109.0	1315.0	1588.0	1811.0	2222.0	2545.0	2995.0	3380.0	3861.0	4509.0	5129.0	6135.0	7890.0	10529.0	14538.0	22021.0	37850.0	40276.0
	12.0	13.0	14.0	15.0	16.0	17.0	18.0	19.0	20.0	21.0	22.0	23.0	24.0	25.0	26.0	27.0	28.0	29.0	30.0	31.0	32.0	33.0	34.0	35.0	36.0	37.0	38.0	39.0	40.0
lane7-s668-index--CCACTACT-ATAGAGAG-Mock-3-plexWell96-58_S668_L007_R2_001	4.0	39.0	175.0	449.0	864.0	1446.0	1976.0	2431.0	3199.0	3835.0	4774.0	5622.0	6800.0	7820.0	9520.0	10909.0	12871.0	14696.0	17132.0	19398.0	22092.0	24768.0	28850.0	35687.0	46524.0	63696.0	95875.0	174322.0	243422.0
	11.0	12.0	13.0	14.0	15.0	16.0	17.0	18.0	19.0	20.0	21.0	22.0	23.0	24.0	25.0	26.0	27.0	28.0	29.0	30.0	31.0	32.0	33.0	34.0	35.0	36.0	37.0	38.0	39.0	40.0
lane7-s669-index--GACCTACA-ATAGAGAG-Mock-4-plexWell96-59_S669_L007_R2_001	1.0	64.0	828.0	1760.0	1575.0	1214.0	1166.0	1412.0	1653.0	2004.0	2264.0	2800.0	3228.0	4012.0	4711.0	5382.0	6314.0	7212.0	8081.0	8869.0	9558.0	10365.0	12111.0	14338.0	18206.0	23348.0	32419.0	48721.0	86717.0	128549.0
	11.0	12.0	13.0	14.0	15.0	16.0	17.0	18.0	19.0	20.0	21.0	22.0	23.0	24.0	25.0	26.0	27.0	28.0	29.0	30.0	31.0	32.0	33.0	34.0	35.0	36.0	37.0	38.0	39.0	40.0
lane7-s670-index--CACGTCCG-ATAGAGAG-Mock-5-plexWell96-60_S670_L007_R2_001	4.0	39.0	250.0	646.0	1276.0	2409.0	4082.0	5545.0	7431.0	9194.0	11106.0	13308.0	15469.0	18154.0	20896.0	23920.0	27138.0	30514.0	35063.0	39222.0	44402.0	50308.0	58459.0	69625.0	84678.0	107586.0	141861.0	202548.0	338038.0	412392.0

