Sample	FastQC_mqc-generalstats-fastqc-percent_duplicates	FastQC_mqc-generalstats-fastqc-avg_sequence_length	FastQC_mqc-generalstats-fastqc-total_sequences	FastQC_mqc-generalstats-fastqc-percent_fails	FastQC_mqc-generalstats-fastqc-percent_gc
lane7-s014-indexRPI2-CGATGT-YZ5-1-NEXTFLEXRapidXP_S14_L007_R2_001	8.35123531434	151.0	3624645.0	0.0	46.0
lane7-s015-indexRPI4-TGACCA-YZ5-2-NEXTFLEXRapidXP_S15_L007_R2_001	7.74745375923	151.0	4060627.0	0.0	46.0
lane7-s016-indexRPI5-ACAGTG-YZ5-3-NEXTFLEXRapidXP_S16_L007_R2_001	6.73250439132	151.0	2777561.0	0.0	46.0
lane7-s017-indexRPI6-GCCAAT-YZ5-4-NEXTFLEXRapidXP_S17_L007_R2_001	8.45226673559	151.0	2652161.0	0.0	46.0
lane7-s018-indexRPI7-CAGATC-YZ5-5-NEXTFLEXRapidXP_S18_L007_R2_001	7.35892610047	151.0	2667985.0	0.0	46.0
lane7-s019-indexRPI12-CTTGTA-ACR-134-1-NEXTFLEXRapidXP_S19_L007_R2_001	11.3013632715	151.0	2071639.0	0.0	38.0
lane7-s020-indexRPI1-ATCACG-ACR-134-2-NEXTFLEXRapidXP_S20_L007_R2_001	10.2095642403	151.0	1676475.0	0.0	38.0
lane7-s021-index-TTAGGC-ACR-134-3-NEXTFLEXRapidXP_S21_L007_R2_001	10.3424515802	151.0	1920838.0	0.0	38.0
lane7-s022-indexRPI8-ACTTGA-ACR-134-4-NEXTFLEXRapidXP_S22_L007_R2_001	11.6574538996	151.0	1482456.0	9.09090909091	39.0
lane7-s023-indexRPI9-GATCAG-ACR-134-5-NEXTFLEXRapidXP_S23_L007_R2_001	10.5619270705	151.0	2079494.0	0.0	38.0
lane7-s024-indexRPI10-TAGCTT-SHI-Plate1-A1-1-NEXTFLEXRapidXP_S24_L007_R2_001	6.54904227235	151.0	5008637.0	9.09090909091	61.0
lane7-s025-indexRPI11-GGCTAC-SHI-Plate1-A1-2-NEXTFLEXRapidXP_S25_L007_R2_001	5.36110444009	151.0	3953897.0	9.09090909091	62.0
lane7-s026-indexRPI25-ACTGAT-SHI-Plate1-A1-3-NEXTFLEXRapidXP_S26_L007_R2_001	6.57815973608	151.0	4492022.0	9.09090909091	61.0
lane7-s027-indexRPI26-ATGAGC-SHI-Plate1-A1-4-NEXTFLEXRapidXP_S27_L007_R2_001	5.23683437937	151.0	3197271.0	9.09090909091	61.0
lane7-s028-indexRPI27-ATTCCT-SHI-Plate1-A1-5-NEXTFLEXRapidXP_S28_L007_R2_001	6.12405226092	151.0	3933008.0	9.09090909091	61.0
lane7-s029-indexRPI28-CAAAAG-Mock-1-NEXTFLEXRapidXP_S29_L007_R2_001	7.58350673046	151.0	3651159.0	0.0	48.0
lane7-s030-indexRPI29-CAACTA-Mock-2-NEXTFLEXRapidXP_S30_L007_R2_001	8.67844925451	151.0	4188036.0	0.0	48.0
lane7-s031-indexRPI30-CACCGG-Mock-3-NEXTFLEXRapidXP_S31_L007_R2_001	7.73841156783	151.0	3954119.0	0.0	48.0
lane7-s032-indexRPI31-CACGAT-Mock-4-NEXTFLEXRapidXP_S32_L007_R2_001	9.27077954667	151.0	4991679.0	0.0	48.0
lane7-s033-indexRPI32-CACTCA-Mock-5-NEXTFLEXRapidXP_S33_L007_R2_001	9.83958091649	151.0	4973750.0	9.09090909091	47.0
lane7-s097-index-TTGGAATG-YZ5-1-plexWell96-1_S97_L007_R2_001	8.65093556753	151.0	512063.0	18.1818181818	46.0
lane7-s098-index-GGGACAAC-YZ5-2-plexWell96-2_S98_L007_R2_001	8.74040686033	151.0	660711.0	18.1818181818	46.0
lane7-s099-index-GCTGGATC-YZ5-3-plexWell96-3_S99_L007_R2_001	9.51492241499	151.0	774829.0	18.1818181818	46.0
lane7-s100-index-ACACTCAA-YZ5-4-plexWell96-4_S100_L007_R2_001	8.70945169566	151.0	370260.0	18.1818181818	46.0
lane7-s101-index-ACTAGCTA-YZ5-5-plexWell96-5_S101_L007_R2_001	9.89072665158	151.0	699190.0	18.1818181818	46.0
lane7-s102-index-GATGATTG-ACR-134-1-plexWell96-6_S102_L007_R2_001	10.2409424854	151.0	912974.0	18.1818181818	39.0
lane7-s103-index-GCAATCTT-ACR-134-2-plexWell96-7_S103_L007_R2_001	11.82138897	151.0	871487.0	18.1818181818	39.0
lane7-s104-index-AGAGTGTC-ACR-134-3-plexWell96-8_S104_L007_R2_001	10.5017037684	151.0	249553.0	18.1818181818	40.0
lane7-s105-index-TTAATGCG-ACR-134-4-plexWell96-9_S105_L007_R2_001	9.88820659963	151.0	550801.0	18.1818181818	39.0
lane7-s106-index-TCCTATAT-ACR-134-5-plexWell96-10_S106_L007_R2_001	13.3756897424	151.0	1170512.0	18.1818181818	39.0
lane7-s107-index-CCATATCC-SHI-Plate1-A1-1-plexWell96-11_S107_L007_R2_001	7.79274701124	151.0	1329434.0	27.2727272727	60.0
lane7-s108-index-AGCCGACG-SHI-Plate1-A1-2-plexWell96-12_S108_L007_R2_001	7.54966012655	151.0	442020.0	27.2727272727	60.0
lane7-s109-index-CGAATTCA-SHI-Plate1-A1-3-plexWell96-13_S109_L007_R2_001	6.97408677493	151.0	778016.0	27.2727272727	59.0
lane7-s110-index-GTCAGACC-SHI-Plate1-A1-4-plexWell96-14_S110_L007_R2_001	7.35073019404	151.0	1086770.0	27.2727272727	60.0
lane7-s111-index-CATTGCCT-SHI-Plate1-A1-5-plexWell96-15_S111_L007_R2_001	9.00377648539	151.0	818156.0	27.2727272727	60.0
lane7-s112-index-TAACCGCA-Mock-1-plexWell96-16_S112_L007_R2_001	11.5281925229	151.0	891377.0	27.2727272727	47.0
lane7-s113-index-GCGCGAAG-Mock-2-plexWell96-17_S113_L007_R2_001	8.22572344289	151.0	432483.0	18.1818181818	47.0
lane7-s114-index-AACACGTG-Mock-3-plexWell96-18_S114_L007_R2_001	9.77106135134	151.0	1258872.0	27.2727272727	47.0
lane7-s115-index-GTAGTCAC-Mock-4-plexWell96-19_S115_L007_R2_001	10.7379079884	151.0	910260.0	18.1818181818	47.0
lane7-s116-index-GAGTTCTC-Mock-5-plexWell96-20_S116_L007_R2_001	15.7908957279	151.0	2361493.0	18.1818181818	48.0
lane7-s117-index-GTGAGGAA-YZ5-1-plexWell96-21_S117_L007_R2_001	8.82877226201	151.0	563171.0	18.1818181818	46.0
lane7-s118-index-GATTCGTA-YZ5-2-plexWell96-22_S118_L007_R2_001	9.19487659501	151.0	656780.0	18.1818181818	46.0
lane7-s119-index-GATGCAAT-YZ5-3-plexWell96-23_S119_L007_R2_001	10.3431301279	151.0	807984.0	18.1818181818	46.0
lane7-s120-index-ACACGGTT-YZ5-4-plexWell96-24_S120_L007_R2_001	10.5522179459	151.0	728276.0	18.1818181818	46.0
lane7-s121-index-GAGGCTGC-YZ5-5-plexWell96-25_S121_L007_R2_001	9.68146208892	151.0	1243518.0	18.1818181818	46.0
lane7-s122-index-ACAGTTCG-ACR-134-1-plexWell96-26_S122_L007_R2_001	10.350491524	151.0	812555.0	18.1818181818	39.0
lane7-s123-index-CGGAGATA-ACR-134-2-plexWell96-27_S123_L007_R2_001	11.1759731953	151.0	750536.0	18.1818181818	39.0
lane7-s124-index-TCGCCAGC-ACR-134-3-plexWell96-28_S124_L007_R2_001	11.3897598012	151.0	1092230.0	18.1818181818	39.0
lane7-s125-index-TGCACTGT-ACR-134-4-plexWell96-29_S125_L007_R2_001	11.0486509767	151.0	502623.0	18.1818181818	39.0
lane7-s126-index-GTACGCGA-ACR-134-5-plexWell96-30_S126_L007_R2_001	12.5775126265	151.0	1655313.0	18.1818181818	39.0
lane7-s127-index-CTATCCGG-SHI-Plate1-A1-1-plexWell96-31_S127_L007_R2_001	7.26345099341	151.0	1726467.0	27.2727272727	60.0
lane7-s128-index-CTTAGAGT-SHI-Plate1-A1-2-plexWell96-32_S128_L007_R2_001	8.64224706949	151.0	1467949.0	27.2727272727	60.0
lane7-s129-index-CAAGGACC-SHI-Plate1-A1-3-plexWell96-33_S129_L007_R2_001	8.27790004096	151.0	1752865.0	27.2727272727	60.0
lane7-s130-index-AGACAGAG-SHI-Plate1-A1-4-plexWell96-34_S130_L007_R2_001	9.40077941977	151.0	90067.0	27.2727272727	59.0
lane7-s131-index-TCGGATCA-SHI-Plate1-A1-5-plexWell96-35_S131_L007_R2_001	8.1074540739	151.0	438638.0	27.2727272727	60.0
lane7-s132-index-TAATGGAC-Mock-1-plexWell96-36_S132_L007_R2_001	10.5337187358	151.0	762036.0	27.2727272727	47.0
lane7-s133-index-TAGCAACT-Mock-2-plexWell96-37_S133_L007_R2_001	11.4664087826	151.0	873769.0	27.2727272727	47.0
lane7-s134-index-ATAGCACA-Mock-3-plexWell96-38_S134_L007_R2_001	10.7058561496	151.0	637327.0	27.2727272727	47.0
lane7-s135-index-ATCAACCG-Mock-4-plexWell96-39_S135_L007_R2_001	8.83733639557	151.0	509148.0	18.1818181818	47.0
lane7-s136-index-TTCCTCAT-Mock-5-plexWell96-40_S136_L007_R2_001	15.8543421811	151.0	2060738.0	18.1818181818	47.0
lane7-s137-index-AGCTACGT-YZ5-1-plexWell96-41_S137_L007_R2_001	10.0555711025	151.0	433362.0	18.1818181818	46.0
lane7-s138-index-ATTCCATC-YZ5-2-plexWell96-42_S138_L007_R2_001	8.88071761644	151.0	555907.0	18.1818181818	46.0
lane7-s139-index-GTTGTAGG-YZ5-3-plexWell96-43_S139_L007_R2_001	7.88828899604	151.0	571638.0	18.1818181818	46.0
lane7-s140-index-TGTGACTA-YZ5-4-plexWell96-44_S140_L007_R2_001	9.50938856628	151.0	559608.0	18.1818181818	46.0
lane7-s141-index-CGAAACGC-YZ5-5-plexWell96-45_S141_L007_R2_001	9.50344965493	151.0	854721.0	18.1818181818	46.0
lane7-s142-index-GTGTGATT-ACR-134-1-plexWell96-46_S142_L007_R2_001	12.2173185215	151.0	1058537.0	18.1818181818	39.0
lane7-s143-index-AGGCTGGA-ACR-134-2-plexWell96-47_S143_L007_R2_001	9.84352011384	151.0	221912.0	18.1818181818	40.0
lane7-s144-index-CGTGCTGG-ACR-134-3-plexWell96-48_S144_L007_R2_001	11.1810571407	151.0	1240216.0	18.1818181818	39.0
lane7-s145-index-AATAGGAT-ACR-134-4-plexWell96-49_S145_L007_R2_001	11.9735617351	151.0	668650.0	18.1818181818	39.0
lane7-s146-index-CGTCTGCC-ACR-134-5-plexWell96-50_S146_L007_R2_001	12.0912103003	151.0	1242429.0	18.1818181818	39.0
lane7-s147-index-GAATCTAG-SHI-Plate1-A1-1-plexWell96-51_S147_L007_R2_001	6.8661416629	151.0	1131771.0	27.2727272727	60.0
lane7-s148-index-ATGCGTCA-SHI-Plate1-A1-2-plexWell96-52_S148_L007_R2_001	8.26950526089	151.0	1002417.0	27.2727272727	60.0
lane7-s149-index-GCAAGTAC-SHI-Plate1-A1-3-plexWell96-53_S149_L007_R2_001	8.17142492133	151.0	1434130.0	27.2727272727	60.0
lane7-s150-index-ACTGACCT-SHI-Plate1-A1-4-plexWell96-54_S150_L007_R2_001	9.06604764341	151.0	793601.0	27.2727272727	60.0
lane7-s151-index-GAAGACCA-SHI-Plate1-A1-5-plexWell96-55_S151_L007_R2_001	7.74508962307	151.0	1463026.0	27.2727272727	60.0
lane7-s152-index-CAGAAGCG-Mock-1-plexWell96-56_S152_L007_R2_001	11.2034677836	151.0	1122545.0	27.2727272727	47.0
lane7-s153-index-AGCTCTAC-Mock-2-plexWell96-57_S153_L007_R2_001	15.2696087273	151.0	195442.0	27.2727272727	46.0
lane7-s154-index-CCACTACT-Mock-3-plexWell96-58_S154_L007_R2_001	11.6326109127	151.0	958273.0	27.2727272727	47.0
lane7-s155-index-GACCTACA-Mock-4-plexWell96-59_S155_L007_R2_001	8.59217775545	151.0	498906.0	27.2727272727	47.0
lane7-s156-index-CACGTCCG-Mock-5-plexWell96-60_S156_L007_R2_001	13.2480553394	151.0	2029308.0	18.1818181818	47.0
lane7-s551-index--TAAGGCGA-CTCCTTAC-YZ5-1-NexteraFlex-Full_S551_L007_R2_001	16.9769539812	151.0	5651055.0	9.09090909091	45.0
lane7-s552-index--CGTACTAG-TCTTACGC-YZ5-2-NexteraFlex-Full_S552_L007_R2_001	11.8690424582	151.0	3214608.0	18.1818181818	45.0
lane7-s553-index--AGGCAGAA-TATGCAGT-YZ5-3-NexteraFlex-Full_S553_L007_R2_001	12.0982770403	151.0	2926736.0	9.09090909091	45.0
lane7-s554-index--GGACTCCT-AGAGGATA-YZ5-4-NexteraFlex-Full_S554_L007_R2_001	14.2132414354	151.0	2994360.0	9.09090909091	45.0
lane7-s555-index--TAGGCATG-ACTCTAGG-YZ5-5-NexteraFlex-Full_S555_L007_R2_001	10.3536894011	151.0	2303634.0	18.1818181818	45.0
lane7-s556-index--CGAGGCTG-TCGCATAA-ACR-134-1-NexteraFlex-Full_S556_L007_R2_001	10.0952880647	151.0	1853171.0	18.1818181818	39.0
lane7-s557-index--AAGAGGCA-CTAGTCGA-ACR-134-2-NexteraFlex-Full_S557_L007_R2_001	12.709889961	151.0	3181726.0	9.09090909091	38.0
lane7-s558-index--GCTCATGA-ATTAGACG-ACR-134-3-NexteraFlex-Full_S558_L007_R2_001	11.7398019614	151.0	3119412.0	9.09090909091	38.0
lane7-s559-index--CGTACTAG-TATGCAGT-ACR-134-4-NexteraFlex-Full_S559_L007_R2_001	12.0703283662	151.0	3402002.0	18.1818181818	38.0
lane7-s560-index--AGGCAGAA-CTCCTTAC-ACR-134-5-NexteraFlex-Full_S560_L007_R2_001	12.5447068647	151.0	5272175.0	18.1818181818	39.0
lane7-s561-index--TAAGGCGA-TCTTACGC-SHI-Plate1-A1-1-NexteraFlex-Full_S561_L007_R2_001	6.03522421569	151.0	3397249.0	18.1818181818	59.0
lane7-s562-index--CTCTCTAC-AGAGGATA-SHI-Plate1-A1-2-NexteraFlex-Full_S562_L007_R2_001	6.0852006418	151.0	3081779.0	18.1818181818	59.0
lane7-s563-index--GTAGAGGA-ACTCTAGG-SHI-Plate1-A1-3-NexteraFlex-Full_S563_L007_R2_001	5.4247987944	151.0	2692016.0	18.1818181818	60.0
lane7-s564-index--AAGAGGCA-ATTAGACG-SHI-Plate1-A1-4-NexteraFlex-Full_S564_L007_R2_001	6.00373155289	151.0	4451760.0	18.1818181818	59.0
lane7-s565-index--GCTCATGA-TCGCATAA-SHI-Plate1-A1-5-NexteraFlex-Full_S565_L007_R2_001	4.58895350863	151.0	2578277.0	27.2727272727	59.0
lane7-s566-index--CGAGGCTG-CTAGTCGA-Mock-1-NexteraFlex-Full_S566_L007_R2_001	16.7645355581	151.0	3800244.0	18.1818181818	45.0
lane7-s567-index--AGGCAGAA-TCTTACGC-Mock-2-NexteraFlex-Full_S567_L007_R2_001	17.226857326	151.0	3716863.0	18.1818181818	46.0
lane7-s568-index--TAAGGCGA-TATGCAGT-Mock-3-NexteraFlex-Full_S568_L007_R2_001	21.7345197171	151.0	5354285.0	18.1818181818	45.0
lane7-s569-index--CGTACTAG-CTCCTTAC-Mock-4-NexteraFlex-Full_S569_L007_R2_001	14.0403061866	151.0	2530308.0	18.1818181818	46.0
lane7-s570-index--TAGCGCTC-AGAGGATA-Mock-5-NexteraFlex-Full_S570_L007_R2_001	25.4322184638	151.0	7905027.0	18.1818181818	45.0
lane7-s571-index--GGACTCCT-CTCCTTAC-YZ5-1-NexteraFlex-Reduced_S571_L007_R2_001	8.67219403955	151.0	3147679.0	9.09090909091	44.0
lane7-s572-index--CTCTCTAC-TCTTACGC-YZ5-2-NexteraFlex-Reduced_S572_L007_R2_001	8.52793783853	151.0	3476322.0	9.09090909091	44.0
lane7-s573-index--TAGCGCTC-TATGCAGT-YZ5-3-NexteraFlex-Reduced_S573_L007_R2_001	8.12355078985	151.0	2647901.0	9.09090909091	44.0
lane7-s574-index--TAGGCATG-AGAGGATA-YZ5-4-NexteraFlex-Reduced_S574_L007_R2_001	8.23482855273	151.0	3021926.0	9.09090909091	44.0
lane7-s575-index--CGAGGCTG-ACTCTAGG-YZ5-5-NexteraFlex-Reduced_S575_L007_R2_001	9.1479104977	151.0	5469043.0	9.09090909091	44.0
lane7-s576-index--TAAGGCGA-TCGCATAA-ACR-134-1-NexteraFlex-Reduced_S576_L007_R2_001	10.5934960671	151.0	2766915.0	18.1818181818	39.0
lane7-s577-index--CGTACTAG-CTAGTCGA-ACR-134-2-NexteraFlex-Reduced_S577_L007_R2_001	10.3395164344	151.0	2953958.0	18.1818181818	39.0
lane7-s578-index--AGGCAGAA-ATTAGACG-ACR-134-3-NexteraFlex-Reduced_S578_L007_R2_001	10.6794980095	151.0	3804145.0	18.1818181818	39.0
lane7-s579-index--CTCTCTAC-TATGCAGT-ACR-134-4-NexteraFlex-Reduced_S579_L007_R2_001	11.9388262774	151.0	4291666.0	18.1818181818	39.0
lane7-s580-index--TAGCGCTC-CTCCTTAC-ACR-134-5-NexteraFlex-Reduced_S580_L007_R2_001	11.8804207357	151.0	4596791.0	18.1818181818	39.0
lane7-s581-index--GGACTCCT-TCTTACGC-SHI-Plate1-A1-1-NexteraFlex-Reduced_S581_L007_R2_001	6.03312906185	151.0	4416622.0	18.1818181818	57.0
lane7-s582-index--GTAGAGGA-AGAGGATA-SHI-Plate1-A1-2-NexteraFlex-Reduced_S582_L007_R2_001	5.99662728886	151.0	5350302.0	18.1818181818	56.0
lane7-s583-index--AAGAGGCA-ACTCTAGG-SHI-Plate1-A1-3-NexteraFlex-Reduced_S583_L007_R2_001	5.61847513217	151.0	4193978.0	18.1818181818	57.0
lane7-s584-index--CGTACTAG-ATTAGACG-SHI-Plate1-A1-4-NexteraFlex-Reduced_S584_L007_R2_001	5.21681099695	151.0	2539103.0	18.1818181818	56.0
lane7-s585-index--AGGCAGAA-TCGCATAA-SHI-Plate1-A1-5-NexteraFlex-Reduced_S585_L007_R2_001	4.52769121586	151.0	4986057.0	18.1818181818	57.0
lane7-s586-index--TAAGGCGA-CTAGTCGA-Mock-1-NexteraFlex-Reduced_S586_L007_R2_001	16.6136397791	151.0	4724710.0	27.2727272727	44.0
lane7-s587-index--CGGAGCCT-ACTCTAGG-Mock-2-NexteraFlex-Reduced_S587_L007_R2_001	16.8190990174	151.0	5195044.0	27.2727272727	44.0
lane7-s588-index--GCTCATGA-CTAGTCGA-Mock-3-NexteraFlex-Reduced_S588_L007_R2_001	14.0433831327	151.0	3740231.0	27.2727272727	43.0
lane7-s589-index--CGAGGCTG-ATTAGACG-Mock-4-NexteraFlex-Reduced_S589_L007_R2_001	12.7653897502	151.0	3357909.0	27.2727272727	43.0
lane7-s590-index--AAGAGGCA-TCGCATAA-Mock-5-NexteraFlex-Reduced_S590_L007_R2_001	15.9579662214	151.0	4919480.0	27.2727272727	43.0
lane7-s591-index--ATTACTCG-AGGCTATA-YZ5-1-QIAseqFX_S591_L007_R2_001	9.87901097297	151.0	3184052.0	18.1818181818	46.0
lane7-s592-index--ATTACTCG-GCCTCTAT-YZ5-2-QIAseqFX_S592_L007_R2_001	8.87374706309	151.0	3299112.0	18.1818181818	46.0
lane7-s593-index--ATTACTCG-AGGATAGG-YZ5-3-QIAseqFX_S593_L007_R2_001	9.08081273267	151.0	2940525.0	18.1818181818	46.0
lane7-s594-index--ATTACTCG-TCAGAGCC-YZ5-4-QIAseqFX_S594_L007_R2_001	10.39981093	151.0	3010555.0	18.1818181818	46.0
lane7-s595-index--ATTACTCG-CTTCGCCT-YZ5-5-QIAseqFX_S595_L007_R2_001	7.53663800276	151.0	2062398.0	9.09090909091	46.0
lane7-s596-index--ATTACTCG-TAAGATTA-ACR-134-1-QIAseqFX_S596_L007_R2_001	13.9327759747	151.0	2660872.0	18.1818181818	39.0
lane7-s597-index--ATTACTCG-ACGTCCTG-ACR-134-2-QIAseqFX_S597_L007_R2_001	12.5598102267	151.0	2395578.0	18.1818181818	39.0
lane7-s598-index--ATTACTCG-GTCAGTAC-ACR-134-3-QIAseqFX_S598_L007_R2_001	21.1310719031	151.0	1135841.0	18.1818181818	39.0
lane7-s599-index--TCCGGAGA-AGGCTATA-ACR-134-4-QIAseqFX_S599_L007_R2_001	19.7353780606	151.0	2437400.0	18.1818181818	39.0
lane7-s600-index--TCCGGAGA-GCCTCTAT-ACR-134-5-QIAseqFX_S600_L007_R2_001	12.9924205078	151.0	3644735.0	18.1818181818	39.0
lane7-s601-index--TCCGGAGA-AGGATAGG-SHI-Plate1-A1-1-QIAseqFX_S601_L007_R2_001	7.570217496	151.0	3262200.0	27.2727272727	60.0
lane7-s602-index--TCCGGAGA-TCAGAGCC-SHI-Plate1-A1-2-QIAseqFX_S602_L007_R2_001	8.11227619729	151.0	5692841.0	27.2727272727	60.0
lane7-s603-index--TCCGGAGA-CTTCGCCT-SHI-Plate1-A1-3-QIAseqFX_S603_L007_R2_001	7.22141271306	151.0	4059204.0	18.1818181818	60.0
lane7-s604-index--TCCGGAGA-TAAGATTA-SHI-Plate1-A1-4-QIAseqFX_S604_L007_R2_001	7.43052928045	151.0	1478034.0	18.1818181818	60.0
lane7-s605-index--TCCGGAGA-ACGTCCTG-SHI-Plate1-A1-5-QIAseqFX_S605_L007_R2_001	5.62905790499	151.0	3663398.0	18.1818181818	60.0
lane7-s606-index--TCCGGAGA-GTCAGTAC-Mock-1-QIAseqFX_S606_L007_R2_001	13.1207226783	151.0	3476578.0	18.1818181818	46.0
lane7-s607-index--CGCTCATT-AGGCTATA-Mock-2-QIAseqFX_S607_L007_R2_001	12.1264535526	151.0	3438082.0	27.2727272727	47.0
lane7-s608-index--CGCTCATT-GCCTCTAT-Mock-3-rd2-QIAseqFX_S608_L007_R2_001	12.0535953247	151.0	2786022.0	27.2727272727	47.0
lane7-s609-index--CGCTCATT-AGGATAGG-Mock-4-rd2-QIAseqFX_S609_L007_R2_001	11.0726612125	151.0	2996865.0	27.2727272727	47.0
lane7-s610-index--CGCTCATT-TCAGAGCC-Mock-5-QIAseqFX_S610_L007_R2_001	10.581870959	151.0	2874886.0	18.1818181818	46.0
lane7-s611-index--TTGGAATG-ATAGAGAG-YZ5-1-plexWell96-1_S611_L007_R2_001	8.48580591209	151.0	442468.0	18.1818181818	46.0
lane7-s612-index--GGGACAAC-ATAGAGAG-YZ5-2-plexWell96-2_S612_L007_R2_001	8.38460474398	151.0	554337.0	18.1818181818	46.0
lane7-s613-index--GCTGGATC-ATAGAGAG-YZ5-3-plexWell96-3_S613_L007_R2_001	9.26770480976	151.0	667634.0	18.1818181818	46.0
lane7-s614-index--ACACTCAA-ATAGAGAG-YZ5-4-plexWell96-4_S614_L007_R2_001	8.86916833899	151.0	332261.0	18.1818181818	46.0
lane7-s615-index--ACTAGCTA-ATAGAGAG-YZ5-5-plexWell96-5_S615_L007_R2_001	10.0104699466	151.0	627602.0	18.1818181818	46.0
lane7-s616-index--GATGATTG-ATAGAGAG-ACR-134-1-plexWell96-6_S616_L007_R2_001	10.1926496712	151.0	807034.0	18.1818181818	39.0
lane7-s617-index--GCAATCTT-ATAGAGAG-ACR-134-2-plexWell96-7_S617_L007_R2_001	11.946592793	151.0	793126.0	18.1818181818	39.0
lane7-s618-index--AGAGTGTC-ATAGAGAG-ACR-134-3-plexWell96-8_S618_L007_R2_001	10.5560998391	151.0	220332.0	18.1818181818	40.0
lane7-s619-index--TTAATGCG-ATAGAGAG-ACR-134-4-plexWell96-9_S619_L007_R2_001	9.95780611947	151.0	497084.0	18.1818181818	39.0
lane7-s620-index--TCCTATAT-ATAGAGAG-ACR-134-5-plexWell96-10_S620_L007_R2_001	13.4610013046	151.0	1069991.0	18.1818181818	39.0
lane7-s621-index--CCATATCC-ATAGAGAG-SHI-Plate1-A1-1-plexWell96-11_S621_L007_R2_001	7.77396781436	151.0	1119947.0	27.2727272727	59.0
lane7-s622-index--AGCCGACG-ATAGAGAG-SHI-Plate1-A1-2-plexWell96-12_S622_L007_R2_001	7.7516900792	151.0	385920.0	27.2727272727	60.0
lane7-s623-index--CGAATTCA-ATAGAGAG-SHI-Plate1-A1-3-plexWell96-13_S623_L007_R2_001	7.25185108101	151.0	680365.0	27.2727272727	59.0
lane7-s624-index--GTCAGACC-ATAGAGAG-SHI-Plate1-A1-4-plexWell96-14_S624_L007_R2_001	7.54116957121	151.0	928938.0	27.2727272727	60.0
lane7-s625-index--CATTGCCT-ATAGAGAG-SHI-Plate1-A1-5-plexWell96-15_S625_L007_R2_001	9.30422894935	151.0	731067.0	27.2727272727	59.0
lane7-s626-index--TAACCGCA-ATAGAGAG-Mock-1-plexWell96-16_S626_L007_R2_001	11.4014389186	151.0	774243.0	27.2727272727	46.0
lane7-s627-index--GCGCGAAG-ATAGAGAG-Mock-2-plexWell96-17_S627_L007_R2_001	8.16283960588	151.0	361928.0	18.1818181818	47.0
lane7-s628-index--AACACGTG-ATAGAGAG-Mock-3-plexWell96-18_S628_L007_R2_001	9.72057828372	151.0	983495.0	27.2727272727	46.0
lane7-s629-index--GTAGTCAC-ATAGAGAG-Mock-4-plexWell96-19_S629_L007_R2_001	10.336768962	151.0	782492.0	18.1818181818	47.0
lane7-s630-index--GAGTTCTC-ATAGAGAG-Mock-5-plexWell96-20_S630_L007_R2_001	15.1443573456	151.0	1997715.0	18.1818181818	47.0
lane7-s631-index--GTGAGGAA-ATAGAGAG-YZ5-1-plexWell96-21_S631_L007_R2_001	8.83958749239	151.0	492030.0	18.1818181818	46.0
lane7-s632-index--GATTCGTA-ATAGAGAG-YZ5-2-plexWell96-22_S632_L007_R2_001	9.18466503374	151.0	589401.0	18.1818181818	46.0
lane7-s633-index--GATGCAAT-ATAGAGAG-YZ5-3-plexWell96-23_S633_L007_R2_001	10.4017765437	151.0	733485.0	18.1818181818	46.0
lane7-s634-index--ACACGGTT-ATAGAGAG-YZ5-4-plexWell96-24_S634_L007_R2_001	10.6091166988	151.0	654215.0	18.1818181818	46.0
lane7-s635-index--GAGGCTGC-ATAGAGAG-YZ5-5-plexWell96-25_S635_L007_R2_001	9.33601884592	151.0	1045385.0	18.1818181818	46.0
lane7-s636-index--ACAGTTCG-ATAGAGAG-ACR-134-1-plexWell96-26_S636_L007_R2_001	10.4755916204	151.0	731178.0	18.1818181818	39.0
lane7-s637-index--CGGAGATA-ATAGAGAG-ACR-134-2-plexWell96-27_S637_L007_R2_001	11.2727741661	151.0	670300.0	18.1818181818	39.0
lane7-s638-index--TCGCCAGC-ATAGAGAG-ACR-134-3-plexWell96-28_S638_L007_R2_001	11.2810534047	151.0	916370.0	18.1818181818	39.0
lane7-s639-index--TGCACTGT-ATAGAGAG-ACR-134-4-plexWell96-29_S639_L007_R2_001	11.200883339	151.0	455056.0	18.1818181818	39.0
lane7-s640-index--GTACGCGA-ATAGAGAG-ACR-134-5-plexWell96-30_S640_L007_R2_001	12.6818844149	151.0	1469908.0	18.1818181818	39.0
lane7-s641-index--CTATCCGG-ATAGAGAG-SHI-Plate1-A1-1-plexWell96-31_S641_L007_R2_001	7.12531485163	151.0	1404718.0	27.2727272727	60.0
lane7-s642-index--CTTAGAGT-ATAGAGAG-SHI-Plate1-A1-2-plexWell96-32_S642_L007_R2_001	8.83234795175	151.0	1307980.0	27.2727272727	60.0
lane7-s643-index--CAAGGACC-ATAGAGAG-SHI-Plate1-A1-3-plexWell96-33_S643_L007_R2_001	8.20846922925	151.0	1446509.0	27.2727272727	59.0
lane7-s644-index--AGACAGAG-ATAGAGAG-SHI-Plate1-A1-4-plexWell96-34_S644_L007_R2_001	9.128045836	151.0	76621.0	27.2727272727	59.0
lane7-s645-index--TCGGATCA-ATAGAGAG-SHI-Plate1-A1-5-plexWell96-35_S645_L007_R2_001	8.37151451879	151.0	372979.0	27.2727272727	59.0
lane7-s646-index--TAATGGAC-ATAGAGAG-Mock-1-plexWell96-36_S646_L007_R2_001	10.3364611482	151.0	660800.0	27.2727272727	47.0
lane7-s647-index--TAGCAACT-ATAGAGAG-Mock-2-plexWell96-37_S647_L007_R2_001	11.4981004869	151.0	782810.0	27.2727272727	47.0
lane7-s648-index--ATAGCACA-ATAGAGAG-Mock-3-plexWell96-38_S648_L007_R2_001	10.7185624782	151.0	565262.0	27.2727272727	46.0
lane7-s649-index--ATCAACCG-ATAGAGAG-Mock-4-plexWell96-39_S649_L007_R2_001	8.92191582675	151.0	456441.0	18.1818181818	47.0
lane7-s650-index--TTCCTCAT-ATAGAGAG-Mock-5-plexWell96-40_S650_L007_R2_001	15.8290667411	151.0	1867980.0	27.2727272727	47.0
lane7-s651-index--AGCTACGT-ATAGAGAG-YZ5-1-plexWell96-41_S651_L007_R2_001	10.2093447642	151.0	391087.0	18.1818181818	46.0
lane7-s652-index--ATTCCATC-ATAGAGAG-YZ5-2-plexWell96-42_S652_L007_R2_001	8.96151696361	151.0	488021.0	18.1818181818	46.0
lane7-s653-index--GTTGTAGG-ATAGAGAG-YZ5-3-plexWell96-43_S653_L007_R2_001	7.59486459191	151.0	488863.0	18.1818181818	46.0
lane7-s654-index--TGTGACTA-ATAGAGAG-YZ5-4-plexWell96-44_S654_L007_R2_001	9.57146264694	151.0	499761.0	18.1818181818	46.0
lane7-s655-index--CGAAACGC-ATAGAGAG-YZ5-5-plexWell96-45_S655_L007_R2_001	9.33169636924	151.0	739134.0	18.1818181818	46.0
lane7-s656-index--GTGTGATT-ATAGAGAG-ACR-134-1-plexWell96-46_S656_L007_R2_001	12.298337194	151.0	960169.0	18.1818181818	39.0
lane7-s657-index--AGGCTGGA-ATAGAGAG-ACR-134-2-plexWell96-47_S657_L007_R2_001	15.5002906889	151.0	195615.0	18.1818181818	39.0
lane7-s658-index--CGTGCTGG-ATAGAGAG-ACR-134-3-plexWell96-48_S658_L007_R2_001	11.0315329554	151.0	1050246.0	18.1818181818	39.0
lane7-s659-index--AATAGGAT-ATAGAGAG-ACR-134-4-plexWell96-49_S659_L007_R2_001	12.0986408785	151.0	607712.0	18.1818181818	39.0
lane7-s660-index--CGTCTGCC-ATAGAGAG-ACR-134-5-plexWell96-50_S660_L007_R2_001	12.0845771487	151.0	1073342.0	18.1818181818	39.0
lane7-s661-index--GAATCTAG-ATAGAGAG-SHI-Plate1-A1-1-plexWell96-51_S661_L007_R2_001	6.82233905437	151.0	971711.0	27.2727272727	60.0
lane7-s662-index--ATGCGTCA-ATAGAGAG-SHI-Plate1-A1-2-plexWell96-52_S662_L007_R2_001	8.40247635492	151.0	879026.0	27.2727272727	59.0
lane7-s663-index--GCAAGTAC-ATAGAGAG-SHI-Plate1-A1-3-plexWell96-53_S663_L007_R2_001	8.23076434168	151.0	1214923.0	27.2727272727	60.0
lane7-s664-index--ACTGACCT-ATAGAGAG-SHI-Plate1-A1-4-plexWell96-54_S664_L007_R2_001	9.37190090251	151.0	704284.0	27.2727272727	60.0
lane7-s665-index--GAAGACCA-ATAGAGAG-SHI-Plate1-A1-5-plexWell96-55_S665_L007_R2_001	7.87087277543	151.0	1251230.0	27.2727272727	59.0
lane7-s666-index--CAGAAGCG-ATAGAGAG-Mock-1-plexWell96-56_S666_L007_R2_001	11.1226575	151.0	968038.0	27.2727272727	47.0
lane7-s667-index--AGCTCTAC-ATAGAGAG-Mock-2-plexWell96-57_S667_L007_R2_001	14.1643450975	151.0	173918.0	27.2727272727	46.0
lane7-s668-index--CCACTACT-ATAGAGAG-Mock-3-plexWell96-58_S668_L007_R2_001	11.6550917938	151.0	859196.0	27.2727272727	46.0
lane7-s669-index--GACCTACA-ATAGAGAG-Mock-4-plexWell96-59_S669_L007_R2_001	8.62238843355	151.0	448882.0	27.2727272727	47.0
lane7-s670-index--CACGTCCG-ATAGAGAG-Mock-5-plexWell96-60_S670_L007_R2_001	13.330565366	151.0	1775563.0	18.1818181818	47.0
