Sample	25.0	26.0	27.0	28.0	29.0	30.0	31.0	32.0	33.0	34.0	35.0	36.0	37.0	38.0	39.0	40.0
lane7-s014-indexRPI2-CGATGT-YZ5-1-NEXTFLEXRapidXP_S14_L007_R2_001	46764.0	52050.0	58508.0	64391.0	71894.0	79851.0	89361.0	102528.0	117747.0	134395.0	159703.0	198143.0	257272.0	366656.0	593928.0	617523.0
lane7-s015-indexRPI4-TGACCA-YZ5-2-NEXTFLEXRapidXP_S15_L007_R2_001	51598.0	57461.0	64729.0	71241.0	78979.0	88065.0	97833.0	111136.0	126769.0	146659.0	175990.0	217086.0	284190.0	404093.0	665347.0	757431.0
lane7-s016-indexRPI5-ACAGTG-YZ5-3-NEXTFLEXRapidXP_S16_L007_R2_001	41033.0	45538.0	50257.0	55123.0	60121.0	66623.0	74079.0	84171.0	94583.0	108620.0	129142.0	157181.0	202812.0	282019.0	437466.0	411385.0
lane7-s017-indexRPI6-GCCAAT-YZ5-4-NEXTFLEXRapidXP_S17_L007_R2_001	33381.0	37496.0	41958.0	46249.0	50896.0	56352.0	63367.0	71996.0	83071.0	94375.0	111892.0	138239.0	179114.0	253498.0	415417.0	518972.0
lane7-s018-indexRPI7-CAGATC-YZ5-5-NEXTFLEXRapidXP_S18_L007_R2_001	23680.0	27276.0	31145.0	34996.0	39514.0	45140.0	51659.0	60451.0	71124.0	84794.0	103072.0	132473.0	181994.0	275800.0	504706.0	614396.0
lane7-s019-indexRPI12-CTTGTA-ACR-134-1-NEXTFLEXRapidXP_S19_L007_R2_001	23057.0	26575.0	29908.0	30886.0	30853.0	31288.0	32897.0	35589.0	38932.0	40234.0	43058.0	48867.0	58027.0	73031.0	108681.0	124120.0
lane7-s020-indexRPI1-ATCACG-ACR-134-2-NEXTFLEXRapidXP_S20_L007_R2_001	15845.0	17956.0	20035.0	22757.0	23517.0	23286.0	24637.0	26149.0	28365.0	30861.0	34324.0	38494.0	44794.0	57235.0	85083.0	112968.0
lane7-s021-index-TTAGGC-ACR-134-3-NEXTFLEXRapidXP_S21_L007_R2_001	21524.0	24227.0	26531.0	27295.0	27425.0	28132.0	29219.0	31198.0	34055.0	36260.0	40110.0	45423.0	54061.0	70278.0	102158.0	85051.0
lane7-s022-indexRPI8-ACTTGA-ACR-134-4-NEXTFLEXRapidXP_S22_L007_R2_001	17344.0	20160.0	22146.0	22706.0	22655.0	23093.0	23890.0	26889.0	29536.0	28367.0	30338.0	34312.0	40219.0	51623.0	76351.0	86759.0
lane7-s023-indexRPI9-GATCAG-ACR-134-5-NEXTFLEXRapidXP_S23_L007_R2_001	16188.0	18937.0	21881.0	23705.0	24181.0	24627.0	25477.0	28435.0	31591.0	32334.0	35338.0	41316.0	51247.0	70949.0	115439.0	125775.0
lane7-s024-indexRPI10-TAGCTT-SHI-Plate1-A1-1-NEXTFLEXRapidXP_S24_L007_R2_001	73837.0	81806.0	91104.0	100405.0	110821.0	123147.0	138864.0	156269.0	178605.0	204808.0	241345.0	295450.0	376526.0	515675.0	791187.0	842048.0
lane7-s025-indexRPI11-GGCTAC-SHI-Plate1-A1-2-NEXTFLEXRapidXP_S25_L007_R2_001	67448.0	74687.0	81793.0	89739.0	97930.0	108820.0	120253.0	134796.0	152379.0	173982.0	203676.0	246180.0	309451.0	412588.0	592728.0	523761.0
lane7-s026-indexRPI25-ACTGAT-SHI-Plate1-A1-3-NEXTFLEXRapidXP_S26_L007_R2_001	67683.0	75797.0	83326.0	91682.0	100781.0	111035.0	123236.0	139354.0	158556.0	180023.0	210649.0	255661.0	324709.0	446029.0	690681.0	808060.0
lane7-s027-indexRPI26-ATGAGC-SHI-Plate1-A1-4-NEXTFLEXRapidXP_S27_L007_R2_001	55619.0	61738.0	67831.0	74014.0	80015.0	88097.0	98371.0	110981.0	125298.0	141077.0	164747.0	199294.0	251429.0	334171.0	481590.0	415941.0
lane7-s028-indexRPI27-ATTCCT-SHI-Plate1-A1-5-NEXTFLEXRapidXP_S28_L007_R2_001	40059.0	45815.0	52197.0	59342.0	67286.0	76537.0	87555.0	100474.0	118301.0	139214.0	170573.0	215621.0	286804.0	419742.0	711862.0	907793.0
lane7-s029-indexRPI28-CAAAAG-Mock-1-NEXTFLEXRapidXP_S29_L007_R2_001	75046.0	82192.0	89616.0	95879.0	103321.0	112052.0	121699.0	136446.0	152947.0	167602.0	189754.0	224433.0	276483.0	356079.0	488227.0	379116.0
lane7-s030-indexRPI29-CAACTA-Mock-2-NEXTFLEXRapidXP_S30_L007_R2_001	67592.0	74290.0	81123.0	89068.0	97003.0	106777.0	117959.0	132296.0	149092.0	168531.0	195440.0	236142.0	298252.0	409294.0	637078.0	714782.0
lane7-s031-indexRPI30-CACCGG-Mock-3-NEXTFLEXRapidXP_S31_L007_R2_001	70207.0	75704.0	82783.0	90684.0	99328.0	108874.0	120374.0	133691.0	151530.0	172312.0	201338.0	241693.0	303885.0	409622.0	597611.0	498051.0
lane7-s032-indexRPI31-CACGAT-Mock-4-NEXTFLEXRapidXP_S32_L007_R2_001	89268.0	97268.0	105871.0	115524.0	125221.0	137153.0	149446.0	166204.0	185247.0	209195.0	240734.0	286407.0	354835.0	473233.0	703687.0	732080.0
lane7-s033-indexRPI32-CACTCA-Mock-5-NEXTFLEXRapidXP_S33_L007_R2_001	58377.0	66062.0	73927.0	83323.0	94334.0	105806.0	119447.0	136556.0	157256.0	184694.0	222967.0	278967.0	370269.0	535885.0	902691.0	1018722.0
lane7-s097-index-TTGGAATG-YZ5-1-plexWell96-1_S97_L007_R2_001	5222.0	5916.0	6703.0	7739.0	8548.0	9671.0	10983.0	12280.0	14048.0	15910.0	19034.0	23855.0	32996.0	49604.0	88143.0	114839.0
lane7-s098-index-GGGACAAC-YZ5-2-plexWell96-2_S98_L007_R2_001	6402.0	7364.0	8167.0	9680.0	10841.0	12067.0	13773.0	15422.0	17557.0	20465.0	24491.0	31442.0	43330.0	65390.0	117095.0	146549.0
lane7-s099-index-GCTGGATC-YZ5-3-plexWell96-3_S99_L007_R2_001	7158.0	8283.0	9364.0	10882.0	12342.0	13980.0	16213.0	18191.0	20668.0	24358.0	30292.0	38965.0	53140.0	81177.0	143382.0	159569.0
lane7-s100-index-ACACTCAA-YZ5-4-plexWell96-4_S100_L007_R2_001	3193.0	3776.0	4212.0	4838.0	5421.0	6150.0	6898.0	7684.0	8622.0	10013.0	12311.0	15853.0	21417.0	33016.0	61103.0	105319.0
lane7-s101-index-ACTAGCTA-YZ5-5-plexWell96-5_S101_L007_R2_001	6865.0	7725.0	8663.0	9854.0	11142.0	12449.0	13754.0	15390.0	17022.0	19468.0	23222.0	29691.0	40236.0	59835.0	110646.0	190124.0
lane7-s102-index-GATGATTG-ACR-134-1-plexWell96-6_S102_L007_R2_001	5944.0	6583.0	7115.0	7597.0	7946.0	8357.0	8966.0	9681.0	10077.0	10655.0	12247.0	14891.0	18576.0	26751.0	47503.0	60238.0
lane7-s103-index-GCAATCTT-ACR-134-2-plexWell96-7_S103_L007_R2_001	4402.0	5023.0	5537.0	5889.0	6263.0	6744.0	7325.0	7959.0	8571.0	9729.0	11177.0	13487.0	17139.0	24345.0	43169.0	70179.0
lane7-s104-index-AGAGTGTC-ACR-134-3-plexWell96-8_S104_L007_R2_001	1289.0	1527.0	1601.0	1625.0	1762.0	1985.0	2144.0	2399.0	2630.0	3091.0	3499.0	4469.0	5629.0	8141.0	14921.0	19261.0
lane7-s105-index-TTAATGCG-ACR-134-4-plexWell96-9_S105_L007_R2_001	4061.0	4253.0	4538.0	4587.0	4818.0	4973.0	5036.0	5175.0	5318.0	5930.0	6877.0	8182.0	10326.0	14395.0	25120.0	40782.0
lane7-s106-index-TCCTATAT-ACR-134-5-plexWell96-10_S106_L007_R2_001	6468.0	7437.0	8279.0	8721.0	9239.0	9920.0	10829.0	11655.0	12143.0	13374.0	14868.0	17785.0	21886.0	30226.0	52891.0	100524.0
lane7-s107-index-CCATATCC-SHI-Plate1-A1-1-plexWell96-11_S107_L007_R2_001	18845.0	20968.0	23109.0	25547.0	28311.0	31699.0	35110.0	39241.0	44721.0	51641.0	61066.0	74344.0	95683.0	132595.0	208515.0	245848.0
lane7-s108-index-AGCCGACG-SHI-Plate1-A1-2-plexWell96-12_S108_L007_R2_001	6834.0	7665.0	8351.0	9206.0	9745.0	10964.0	11681.0	12821.0	14548.0	16450.0	19468.0	23711.0	30015.0	41097.0	65326.0	88240.0
lane7-s109-index-CGAATTCA-SHI-Plate1-A1-3-plexWell96-13_S109_L007_R2_001	12669.0	13819.0	15274.0	16633.0	18052.0	20032.0	21547.0	23676.0	26757.0	30196.0	35092.0	42521.0	53798.0	72795.0	112541.0	144929.0
lane7-s110-index-GTCAGACC-SHI-Plate1-A1-4-plexWell96-14_S110_L007_R2_001	17334.0	18848.0	20677.0	22625.0	24970.0	27461.0	30115.0	33994.0	38482.0	43832.0	51529.0	61943.0	78336.0	105535.0	160820.0	186645.0
lane7-s111-index-CATTGCCT-SHI-Plate1-A1-5-plexWell96-15_S111_L007_R2_001	11687.0	13140.0	14252.0	15848.0	17480.0	19112.0	21405.0	24006.0	27160.0	31134.0	36774.0	44559.0	56427.0	77746.0	123168.0	156339.0
lane7-s112-index-TAACCGCA-Mock-1-plexWell96-16_S112_L007_R2_001	9110.0	10526.0	11885.0	13369.0	15240.0	17120.0	19234.0	21966.0	24827.0	28758.0	34653.0	43642.0	58762.0	87191.0	155001.0	221365.0
lane7-s113-index-GCGCGAAG-Mock-2-plexWell96-17_S113_L007_R2_001	6468.0	7230.0	8063.0	8803.0	9667.0	10407.0	11691.0	12589.0	13589.0	15706.0	18703.0	23367.0	31009.0	45685.0	74698.0	75142.0
lane7-s114-index-AACACGTG-Mock-3-plexWell96-18_S114_L007_R2_001	15751.0	17834.0	20014.0	22501.0	25253.0	28640.0	31974.0	36218.0	42359.0	50099.0	60573.0	74678.0	97729.0	136326.0	211700.0	223786.0
lane7-s115-index-GTAGTCAC-Mock-4-plexWell96-19_S115_L007_R2_001	8864.0	10213.0	11670.0	13332.0	15364.0	17363.0	19653.0	22720.0	26106.0	30760.0	37049.0	47174.0	64072.0	96700.0	170771.0	207948.0
lane7-s116-index-GAGTTCTC-Mock-5-plexWell96-20_S116_L007_R2_001	26438.0	29632.0	33669.0	38384.0	43122.0	49178.0	56115.0	64290.0	73980.0	88026.0	106926.0	135145.0	181093.0	263724.0	435451.0	442840.0
lane7-s117-index-GTGAGGAA-YZ5-1-plexWell96-21_S117_L007_R2_001	6611.0	7470.0	8639.0	9538.0	10613.0	12096.0	13201.0	14750.0	16162.0	17684.0	20562.0	25854.0	34450.0	50917.0	90667.0	125002.0
lane7-s118-index-GATTCGTA-YZ5-2-plexWell96-22_S118_L007_R2_001	6194.0	7079.0	7890.0	9149.0	10258.0	11622.0	13241.0	14545.0	16247.0	18603.0	22341.0	27963.0	38114.0	57707.0	108163.0	177354.0
lane7-s119-index-GATGCAAT-YZ5-3-plexWell96-23_S119_L007_R2_001	7210.0	8373.0	9271.0	10685.0	12227.0	13956.0	15442.0	17444.0	19303.0	22103.0	26033.0	32893.0	44783.0	68063.0	129580.0	231362.0
lane7-s120-index-ACACGGTT-YZ5-4-plexWell96-24_S120_L007_R2_001	5667.0	6532.0	7432.0	8638.0	9559.0	11067.0	12630.0	14563.0	16435.0	20138.0	24280.0	31440.0	42961.0	66407.0	124696.0	202992.0
lane7-s121-index-GAGGCTGC-YZ5-5-plexWell96-25_S121_L007_R2_001	11858.0	13587.0	15719.0	17936.0	20388.0	23064.0	26400.0	29703.0	34124.0	39905.0	49132.0	62607.0	85998.0	130297.0	230459.0	249330.0
lane7-s122-index-ACAGTTCG-ACR-134-1-plexWell96-26_S122_L007_R2_001	5213.0	5716.0	6019.0	6423.0	6594.0	6898.0	7353.0	7831.0	8612.0	9535.0	10922.0	13174.0	16313.0	22662.0	38219.0	58052.0
lane7-s123-index-CGGAGATA-ACR-134-2-plexWell96-27_S123_L007_R2_001	4377.0	4942.0	5283.0	5635.0	5997.0	6356.0	6880.0	7340.0	7855.0	8733.0	9856.0	11794.0	14964.0	20667.0	36811.0	60073.0
lane7-s124-index-TCGCCAGC-ACR-134-3-plexWell96-28_S124_L007_R2_001	6325.0	7261.0	8033.0	8500.0	8909.0	9699.0	10574.0	11388.0	12021.0	13087.0	15112.0	18279.0	23395.0	33651.0	58297.0	68995.0
lane7-s125-index-TGCACTGT-ACR-134-4-plexWell96-29_S125_L007_R2_001	3078.0	3420.0	3767.0	3961.0	4166.0	4334.0	4648.0	4729.0	4936.0	5502.0	6255.0	7527.0	9660.0	14092.0	25041.0	39009.0
lane7-s126-index-GTACGCGA-ACR-134-5-plexWell96-30_S126_L007_R2_001	9760.0	11127.0	12057.0	12732.0	13639.0	14358.0	15457.0	16779.0	18202.0	20028.0	23135.0	27554.0	34663.0	47982.0	83050.0	110394.0
lane7-s127-index-CTATCCGG-SHI-Plate1-A1-1-plexWell96-31_S127_L007_R2_001	27322.0	29779.0	33072.0	36634.0	40354.0	44553.0	49487.0	55621.0	62923.0	72471.0	85927.0	104197.0	131638.0	177726.0	265044.0	260162.0
lane7-s128-index-CTTAGAGT-SHI-Plate1-A1-2-plexWell96-32_S128_L007_R2_001	21074.0	23324.0	26330.0	28673.0	32306.0	35517.0	39607.0	44072.0	49127.0	56180.0	66494.0	80502.0	103421.0	142716.0	223687.0	270553.0
lane7-s129-index-CAAGGACC-SHI-Plate1-A1-3-plexWell96-33_S129_L007_R2_001	24195.0	26600.0	29609.0	33146.0	36756.0	41116.0	45735.0	51407.0	58085.0	66986.0	80076.0	98278.0	127131.0	177693.0	280323.0	318929.0
lane7-s130-index-AGACAGAG-SHI-Plate1-A1-4-plexWell96-34_S130_L007_R2_001	1156.0	1246.0	1454.0	1634.0	1811.0	1987.0	2180.0	2348.0	2559.0	2939.0	3547.0	4456.0	5989.0	8826.0	15083.0	20616.0
lane7-s131-index-TCGGATCA-SHI-Plate1-A1-5-plexWell96-35_S131_L007_R2_001	7171.0	7983.0	8812.0	9569.0	10416.0	11561.0	12643.0	14277.0	16188.0	18036.0	21293.0	25214.0	31743.0	42143.0	62294.0	68119.0
lane7-s132-index-TAATGGAC-Mock-1-plexWell96-36_S132_L007_R2_001	8634.0	10150.0	11462.0	13080.0	14622.0	16373.0	18660.0	20570.0	22815.0	25605.0	30030.0	37124.0	50309.0	74065.0	131062.0	178779.0
lane7-s133-index-TAGCAACT-Mock-2-plexWell96-37_S133_L007_R2_001	9342.0	10578.0	11884.0	13461.0	15452.0	17451.0	19562.0	21862.0	24845.0	28637.0	34495.0	43126.0	57373.0	84511.0	149279.0	215593.0
lane7-s134-index-ATAGCACA-Mock-3-plexWell96-38_S134_L007_R2_001	6900.0	7847.0	8761.0	9676.0	11375.0	12572.0	14321.0	16085.0	18024.0	20583.0	25666.0	31910.0	42670.0	62575.0	110234.0	154132.0
lane7-s135-index-ATCAACCG-Mock-4-plexWell96-39_S135_L007_R2_001	5705.0	6425.0	7328.0	7879.0	8735.0	9612.0	10667.0	11947.0	13471.0	15665.0	19218.0	23968.0	32176.0	47458.0	85382.0	141617.0
lane7-s136-index-TTCCTCAT-Mock-5-plexWell96-40_S136_L007_R2_001	22938.0	26056.0	29343.0	33000.0	37123.0	41770.0	47069.0	52607.0	59646.0	67775.0	80394.0	100112.0	131779.0	192107.0	338537.0	509408.0
lane7-s137-index-AGCTACGT-YZ5-1-plexWell96-41_S137_L007_R2_001	3615.0	4216.0	4921.0	5333.0	6239.0	7198.0	7871.0	9191.0	10679.0	12449.0	15372.0	19715.0	26746.0	40979.0	74697.0	110177.0
lane7-s138-index-ATTCCATC-YZ5-2-plexWell96-42_S138_L007_R2_001	4702.0	5568.0	6462.0	7215.0	8269.0	9340.0	10704.0	12133.0	14151.0	16416.0	20146.0	26019.0	35472.0	53300.0	98506.0	138581.0
lane7-s139-index-GTTGTAGG-YZ5-3-plexWell96-43_S139_L007_R2_001	7483.0	8672.0	9742.0	10928.0	12419.0	13783.0	14639.0	15556.0	16039.0	17740.0	21089.0	27204.0	36827.0	55411.0	97045.0	106922.0
lane7-s140-index-TGTGACTA-YZ5-4-plexWell96-44_S140_L007_R2_001	5382.0	6265.0	6910.0	7977.0	8834.0	10160.0	11587.0	12701.0	14188.0	15360.0	18451.0	23549.0	31516.0	48283.0	90273.0	153181.0
lane7-s141-index-CGAAACGC-YZ5-5-plexWell96-45_S141_L007_R2_001	7910.0	9014.0	10294.0	11535.0	12947.0	14678.0	16498.0	18998.0	21902.0	25996.0	31814.0	40556.0	54443.0	82108.0	146752.0	204271.0
lane7-s142-index-GTGTGATT-ACR-134-1-plexWell96-46_S142_L007_R2_001	5990.0	6946.0	7464.0	8069.0	8520.0	9067.0	9950.0	10892.0	11254.0	11964.0	13515.0	16273.0	20189.0	28942.0	52661.0	79588.0
lane7-s143-index-AGGCTGGA-ACR-134-2-plexWell96-47_S143_L007_R2_001	1346.0	1486.0	1566.0	1684.0	1790.0	1930.0	2025.0	2198.0	2361.0	2578.0	2959.0	3697.0	4604.0	6667.0	11791.0	16517.0
lane7-s144-index-CGTGCTGG-ACR-134-3-plexWell96-48_S144_L007_R2_001	7637.0	8392.0	9240.0	9742.0	10462.0	11015.0	12071.0	13156.0	14415.0	15940.0	18467.0	22160.0	28319.0	39797.0	65611.0	66505.0
lane7-s145-index-AATAGGAT-ACR-134-4-plexWell96-49_S145_L007_R2_001	3212.0	3748.0	3981.0	4239.0	4552.0	4931.0	5353.0	5706.0	6183.0	6985.0	7883.0	9495.0	11907.0	17311.0	31546.0	62525.0
lane7-s146-index-CGTCTGCC-ACR-134-5-plexWell96-50_S146_L007_R2_001	7457.0	8497.0	8962.0	9843.0	10395.0	11247.0	12481.0	13391.0	14400.0	16221.0	18673.0	22633.0	28430.0	40169.0	66451.0	69939.0
lane7-s147-index-GAATCTAG-SHI-Plate1-A1-1-plexWell96-51_S147_L007_R2_001	16375.0	18225.0	20200.0	22332.0	24984.0	27546.0	30749.0	34462.0	39028.0	44812.0	52913.0	64196.0	82449.0	113559.0	176534.0	205685.0
lane7-s148-index-ATGCGTCA-SHI-Plate1-A1-2-plexWell96-52_S148_L007_R2_001	14343.0	16052.0	17841.0	19790.0	21595.0	24173.0	26989.0	30117.0	34473.0	39185.0	46094.0	56475.0	72087.0	99510.0	154380.0	182188.0
lane7-s149-index-GCAAGTAC-SHI-Plate1-A1-3-plexWell96-53_S149_L007_R2_001	21265.0	23509.0	25948.0	28538.0	31708.0	34944.0	39057.0	44352.0	49924.0	57266.0	68140.0	82175.0	105736.0	144500.0	220549.0	243947.0
lane7-s150-index-ACTGACCT-SHI-Plate1-A1-4-plexWell96-54_S150_L007_R2_001	10751.0	12004.0	13187.0	14674.0	16432.0	18368.0	20605.0	23055.0	26163.0	30487.0	35894.0	43987.0	56248.0	78142.0	122442.0	152449.0
lane7-s151-index-GAAGACCA-SHI-Plate1-A1-5-plexWell96-55_S151_L007_R2_001	21721.0	23954.0	26398.0	29003.0	32272.0	35142.0	39555.0	44226.0	49672.0	57092.0	67532.0	81426.0	103674.0	141414.0	220116.0	272536.0
lane7-s152-index-CAGAAGCG-Mock-1-plexWell96-56_S152_L007_R2_001	13791.0	15261.0	17000.0	19075.0	21468.0	23412.0	26435.0	29647.0	34412.0	39434.0	47680.0	58807.0	77860.0	111206.0	187241.0	250541.0
lane7-s153-index-AGCTCTAC-Mock-2-plexWell96-57_S153_L007_R2_001	2004.0	2263.0	2641.0	2911.0	3404.0	3772.0	4297.0	4782.0	5465.0	6360.0	8079.0	10094.0	13918.0	20709.0	35892.0	43880.0
lane7-s154-index-CCACTACT-Mock-3-plexWell96-58_S154_L007_R2_001	10040.0	11680.0	13069.0	14992.0	16582.0	18848.0	20554.0	22985.0	25494.0	29331.0	35226.0	44545.0	59366.0	87901.0	160854.0	255864.0
lane7-s155-index-GACCTACA-Mock-4-plexWell96-59_S155_L007_R2_001	5822.0	6533.0	7297.0	7986.0	8564.0	9319.0	9970.0	10922.0	12661.0	14928.0	18248.0	22908.0	30896.0	46043.0	82113.0	140635.0
lane7-s156-index-CACGTCCG-Mock-5-plexWell96-60_S156_L007_R2_001	27840.0	30896.0	34147.0	37124.0	41161.0	45436.0	49922.0	56175.0	63088.0	73408.0	86615.0	106995.0	137407.0	193525.0	321375.0	450451.0
lane7-s551-index--TAAGGCGA-CTCCTTAC-YZ5-1-NexteraFlex-Full_S551_L007_R2_001	78472.0	89529.0	101498.0	114202.0	127457.0	144255.0	163344.0	185452.0	213863.0	250514.0	297185.0	364169.0	464585.0	611593.0	819994.0	677107.0
lane7-s552-index--CGTACTAG-TCTTACGC-YZ5-2-NexteraFlex-Full_S552_L007_R2_001	41690.0	46519.0	52622.0	58506.0	65583.0	73845.0	82977.0	94595.0	107979.0	127427.0	151912.0	185914.0	239194.0	324054.0	475904.0	502850.0
lane7-s553-index--AGGCAGAA-TATGCAGT-YZ5-3-NexteraFlex-Full_S553_L007_R2_001	45761.0	52023.0	57843.0	64796.0	71557.0	79805.0	89229.0	100712.0	115765.0	133660.0	157765.0	190591.0	237191.0	304463.0	398254.0	322810.0
lane7-s554-index--GGACTCCT-AGAGGATA-YZ5-4-NexteraFlex-Full_S554_L007_R2_001	28856.0	33581.0	39250.0	45123.0	51854.0	59746.0	69675.0	81616.0	95697.0	115045.0	140555.0	179238.0	238250.0	339511.0	523599.0	468612.0
lane7-s555-index--TAGGCATG-ACTCTAGG-YZ5-5-NexteraFlex-Full_S555_L007_R2_001	26359.0	30083.0	34263.0	38871.0	43972.0	50201.0	57269.0	66224.0	76478.0	90882.0	109419.0	136189.0	176277.0	241835.0	352034.0	361533.0
lane7-s556-index--CGAGGCTG-TCGCATAA-ACR-134-1-NexteraFlex-Full_S556_L007_R2_001	13645.0	15087.0	16640.0	17866.0	19304.0	21065.0	23211.0	25579.0	27607.0	30719.0	34744.0	40309.0	48162.0	60431.0	82602.0	78024.0
lane7-s557-index--AAGAGGCA-CTAGTCGA-ACR-134-2-NexteraFlex-Full_S557_L007_R2_001	24405.0	28084.0	30703.0	32994.0	35290.0	38157.0	42428.0	46855.0	50569.0	56496.0	63847.0	75847.0	90944.0	115170.0	161231.0	153429.0
lane7-s558-index--GCTCATGA-ATTAGACG-ACR-134-3-NexteraFlex-Full_S558_L007_R2_001	23133.0	26322.0	28829.0	30247.0	32641.0	34964.0	38387.0	42680.0	45860.0	51089.0	58636.0	69429.0	84146.0	109686.0	156612.0	132631.0
lane7-s559-index--CGTACTAG-TATGCAGT-ACR-134-4-NexteraFlex-Full_S559_L007_R2_001	25380.0	28873.0	31536.0	33689.0	36503.0	39558.0	43398.0	47554.0	50646.0	56660.0	63870.0	74493.0	88875.0	112392.0	152881.0	139253.0
lane7-s560-index--AGGCAGAA-CTCCTTAC-ACR-134-5-NexteraFlex-Full_S560_L007_R2_001	32649.0	36463.0	39223.0	41464.0	44480.0	47019.0	51421.0	56079.0	60433.0	66777.0	76344.0	90987.0	112945.0	151980.0	237215.0	287160.0
lane7-s561-index--TAAGGCGA-TCTTACGC-SHI-Plate1-A1-1-NexteraFlex-Full_S561_L007_R2_001	41653.0	48587.0	55451.0	63841.0	72991.0	84164.0	96285.0	111742.0	130555.0	155767.0	187984.0	234034.0	303246.0	410408.0	571611.0	467854.0
lane7-s562-index--CTCTCTAC-AGAGGATA-SHI-Plate1-A1-2-NexteraFlex-Full_S562_L007_R2_001	37781.0	43846.0	50523.0	58222.0	66953.0	77140.0	88989.0	103399.0	121313.0	144269.0	175633.0	217943.0	280545.0	377019.0	511380.0	393732.0
lane7-s563-index--GTAGAGGA-ACTCTAGG-SHI-Plate1-A1-3-NexteraFlex-Full_S563_L007_R2_001	47900.0	55350.0	62383.0	70443.0	79768.0	89504.0	101058.0	114885.0	130852.0	149967.0	174605.0	204823.0	243932.0	290537.0	332676.0	220176.0
lane7-s564-index--AAGAGGCA-ATTAGACG-SHI-Plate1-A1-4-NexteraFlex-Full_S564_L007_R2_001	79220.0	89653.0	101248.0	113262.0	127561.0	144074.0	161813.0	183490.0	209439.0	240313.0	280838.0	332507.0	399354.0	483631.0	569331.0	390043.0
lane7-s565-index--GCTCATGA-TCGCATAA-SHI-Plate1-A1-5-NexteraFlex-Full_S565_L007_R2_001	40050.0	45315.0	51054.0	57277.0	64063.0	72279.0	81170.0	92000.0	104648.0	121487.0	144033.0	172325.0	215212.0	278747.0	375755.0	352724.0
lane7-s566-index--CGAGGCTG-CTAGTCGA-Mock-1-NexteraFlex-Full_S566_L007_R2_001	52778.0	61411.0	69231.0	79098.0	89086.0	101373.0	114781.0	130916.0	151362.0	176616.0	209957.0	256827.0	321927.0	424261.0	585319.0	534266.0
lane7-s567-index--AGGCAGAA-TCTTACGC-Mock-2-NexteraFlex-Full_S567_L007_R2_001	53445.0	60495.0	67836.0	76180.0	85266.0	96398.0	107981.0	122908.0	141065.0	165287.0	197792.0	243541.0	313155.0	424566.0	605373.0	517243.0
lane7-s568-index--TAAGGCGA-TATGCAGT-Mock-3-NexteraFlex-Full_S568_L007_R2_001	68714.0	78832.0	90403.0	102898.0	116502.0	132938.0	151377.0	173742.0	201375.0	236417.0	285404.0	353896.0	459692.0	628835.0	900321.0	756517.0
lane7-s569-index--CGTACTAG-CTCCTTAC-Mock-4-NexteraFlex-Full_S569_L007_R2_001	39251.0	44297.0	49647.0	55782.0	62477.0	69547.0	78480.0	88743.0	101752.0	118820.0	139888.0	170086.0	213924.0	284269.0	387903.0	311947.0
lane7-s570-index--TAGCGCTC-AGAGGATA-Mock-5-NexteraFlex-Full_S570_L007_R2_001	58311.0	68052.0	78774.0	91738.0	106736.0	124280.0	145871.0	172470.0	207187.0	253553.0	318753.0	417618.0	576748.0	876014.0	1543753.0	1765052.0
lane7-s571-index--GGACTCCT-CTCCTTAC-YZ5-1-NexteraFlex-Reduced_S571_L007_R2_001	28381.0	31876.0	34984.0	38468.0	42652.0	47377.0	53586.0	60459.0	68980.0	80106.0	95952.0	118032.0	154549.0	225012.0	418986.0	803427.0
lane7-s572-index--CTCTCTAC-TCTTACGC-YZ5-2-NexteraFlex-Reduced_S572_L007_R2_001	30441.0	33712.0	37112.0	40862.0	44694.0	50338.0	56384.0	64580.0	73701.0	86467.0	103173.0	128248.0	168702.0	246706.0	461302.0	915366.0
lane7-s573-index--TAGCGCTC-TATGCAGT-YZ5-3-NexteraFlex-Reduced_S573_L007_R2_001	21068.0	23281.0	26732.0	30238.0	33818.0	38495.0	43332.0	50290.0	58774.0	69969.0	84554.0	107715.0	144143.0	215143.0	410244.0	594121.0
lane7-s574-index--TAGGCATG-AGAGGATA-YZ5-4-NexteraFlex-Reduced_S574_L007_R2_001	23686.0	26522.0	29563.0	33059.0	37241.0	41962.0	47825.0	54595.0	63367.0	74011.0	89508.0	112416.0	149140.0	221033.0	418800.0	804420.0
lane7-s575-index--CGAGGCTG-ACTCTAGG-YZ5-5-NexteraFlex-Reduced_S575_L007_R2_001	60524.0	66609.0	72240.0	79747.0	88070.0	97355.0	108281.0	121244.0	136906.0	156955.0	184837.0	223427.0	286167.0	402850.0	703604.0	1372032.0
lane7-s576-index--TAAGGCGA-TCGCATAA-ACR-134-1-NexteraFlex-Reduced_S576_L007_R2_001	20264.0	22075.0	23187.0	24180.0	25114.0	26672.0	28363.0	29880.0	31743.0	34039.0	38087.0	42915.0	49849.0	64095.0	103031.0	191956.0
lane7-s577-index--CGTACTAG-CTAGTCGA-ACR-134-2-NexteraFlex-Reduced_S577_L007_R2_001	23108.0	24678.0	26084.0	26984.0	28642.0	29604.0	31207.0	32681.0	34689.0	36464.0	39956.0	45338.0	52221.0	66606.0	106641.0	193274.0
lane7-s578-index--AGGCAGAA-ATTAGACG-ACR-134-3-NexteraFlex-Reduced_S578_L007_R2_001	29740.0	31908.0	33345.0	34385.0	35574.0	36943.0	39332.0	41441.0	43603.0	46356.0	50318.0	57049.0	66699.0	85201.0	137749.0	238752.0
lane7-s579-index--CTCTCTAC-TATGCAGT-ACR-134-4-NexteraFlex-Reduced_S579_L007_R2_001	24469.0	27443.0	29513.0	31423.0	32759.0	35132.0	37829.0	40925.0	44136.0	47989.0	54419.0	62755.0	75816.0	100159.0	170536.0	283434.0
lane7-s580-index--TAGCGCTC-CTCCTTAC-ACR-134-5-NexteraFlex-Reduced_S580_L007_R2_001	36517.0	40802.0	43395.0	45887.0	48976.0	51918.0	55794.0	60367.0	64083.0	69763.0	76977.0	87299.0	101951.0	129672.0	200388.0	242637.0
lane7-s581-index--GGACTCCT-TCTTACGC-SHI-Plate1-A1-1-NexteraFlex-Reduced_S581_L007_R2_001	92046.0	98298.0	103846.0	110450.0	117799.0	126506.0	135358.0	145902.0	157639.0	173535.0	193958.0	222895.0	267249.0	340536.0	503147.0	728928.0
lane7-s582-index--GTAGAGGA-AGAGGATA-SHI-Plate1-A1-2-NexteraFlex-Reduced_S582_L007_R2_001	81729.0	89376.0	98557.0	107234.0	117866.0	130501.0	144422.0	160437.0	180383.0	204566.0	235983.0	280860.0	346382.0	459229.0	712822.0	1059032.0
lane7-s583-index--AAGAGGCA-ACTCTAGG-SHI-Plate1-A1-3-NexteraFlex-Reduced_S583_L007_R2_001	76134.0	82201.0	89205.0	95816.0	103789.0	112533.0	122618.0	134109.0	147724.0	164141.0	185442.0	216197.0	261250.0	338221.0	507150.0	795152.0
lane7-s584-index--CGTACTAG-ATTAGACG-SHI-Plate1-A1-4-NexteraFlex-Reduced_S584_L007_R2_001	46004.0	49132.0	52935.0	56390.0	60089.0	65110.0	69886.0	76618.0	83550.0	92670.0	105449.0	122672.0	149734.0	196476.0	304883.0	497714.0
lane7-s585-index--AGGCAGAA-TCGCATAA-SHI-Plate1-A1-5-NexteraFlex-Reduced_S585_L007_R2_001	119744.0	124606.0	130741.0	136177.0	143829.0	151451.0	159265.0	168938.0	180610.0	196829.0	217445.0	244617.0	287656.0	357837.0	510764.0	731803.0
lane7-s586-index--TAAGGCGA-CTAGTCGA-Mock-1-NexteraFlex-Reduced_S586_L007_R2_001	72768.0	80028.0	88050.0	95264.0	104944.0	114673.0	125719.0	138399.0	155353.0	175008.0	201947.0	239027.0	296190.0	397755.0	634572.0	967167.0
lane7-s587-index--CGGAGCCT-ACTCTAGG-Mock-2-NexteraFlex-Reduced_S587_L007_R2_001	85724.0	93804.0	101945.0	112153.0	121635.0	132494.0	144742.0	160252.0	176529.0	199315.0	228167.0	268205.0	328515.0	435471.0	675243.0	1003964.0
lane7-s588-index--GCTCATGA-CTAGTCGA-Mock-3-NexteraFlex-Reduced_S588_L007_R2_001	61768.0	67051.0	73049.0	79196.0	85965.0	93364.0	102424.0	112746.0	124755.0	140281.0	160878.0	190213.0	234857.0	313133.0	498362.0	736122.0
lane7-s589-index--CGAGGCTG-ATTAGACG-Mock-4-NexteraFlex-Reduced_S589_L007_R2_001	56872.0	61819.0	66676.0	72423.0	78729.0	85607.0	93620.0	102955.0	114406.0	128374.0	146755.0	171784.0	211451.0	278474.0	433260.0	654523.0
lane7-s590-index--AAGAGGCA-TCGCATAA-Mock-5-NexteraFlex-Reduced_S590_L007_R2_001	83514.0	90666.0	98262.0	105767.0	114955.0	124170.0	135678.0	149264.0	164313.0	184163.0	209742.0	246928.0	302761.0	400397.0	627428.0	996391.0
lane7-s591-index--ATTACTCG-AGGCTATA-YZ5-1-QIAseqFX_S591_L007_R2_001	22723.0	27170.0	32920.0	40037.0	47153.0	53045.0	61080.0	74189.0	89400.0	95124.0	110286.0	140537.0	188342.0	282443.0	526782.0	992248.0
lane7-s592-index--ATTACTCG-GCCTCTAT-YZ5-2-QIAseqFX_S592_L007_R2_001	24984.0	29686.0	35500.0	42377.0	48946.0	55309.0	64421.0	75625.0	89748.0	101713.0	121036.0	153395.0	205775.0	306318.0	556106.0	966366.0
lane7-s593-index--ATTACTCG-AGGATAGG-YZ5-3-QIAseqFX_S593_L007_R2_001	22626.0	26673.0	31817.0	38384.0	44296.0	50300.0	57898.0	70009.0	81816.0	89255.0	105717.0	134311.0	180212.0	269164.0	493879.0	872249.0
lane7-s594-index--ATTACTCG-TCAGAGCC-YZ5-4-QIAseqFX_S594_L007_R2_001	25544.0	30231.0	35857.0	43574.0	50822.0	56452.0	64857.0	79177.0	94526.0	97776.0	112041.0	140300.0	187338.0	275967.0	494919.0	825770.0
lane7-s595-index--ATTACTCG-CTTCGCCT-YZ5-5-QIAseqFX_S595_L007_R2_001	15425.0	18282.0	21672.0	26037.0	30294.0	34014.0	39045.0	46083.0	55028.0	62356.0	74052.0	94729.0	126734.0	188533.0	348963.0	617552.0
lane7-s596-index--ATTACTCG-TAAGATTA-ACR-134-1-QIAseqFX_S596_L007_R2_001	14235.0	18181.0	22018.0	24272.0	26248.0	27640.0	29924.0	36246.0	42252.0	38333.0	39452.0	46531.0	57166.0	78739.0	137459.0	233347.0
lane7-s597-index--ATTACTCG-ACGTCCTG-ACR-134-2-QIAseqFX_S597_L007_R2_001	12382.0	15370.0	18364.0	20494.0	22237.0	23528.0	26095.0	30219.0	34764.0	34139.0	36730.0	43250.0	54218.0	74804.0	127573.0	201208.0
lane7-s598-index--ATTACTCG-GTCAGTAC-ACR-134-3-QIAseqFX_S598_L007_R2_001	6262.0	8725.0	12220.0	15964.0	17200.0	18054.0	20875.0	29720.0	36414.0	22019.0	17818.0	20777.0	25077.0	33713.0	58115.0	91179.0
lane7-s599-index--TCCGGAGA-AGGCTATA-ACR-134-4-QIAseqFX_S599_L007_R2_001	18215.0	22632.0	26413.0	31945.0	35148.0	36908.0	42002.0	56671.0	64694.0	44524.0	39274.0	45686.0	56403.0	78241.0	134578.0	160937.0
lane7-s600-index--TCCGGAGA-GCCTCTAT-ACR-134-5-QIAseqFX_S600_L007_R2_001	24713.0	29390.0	31501.0	34686.0	37016.0	38258.0	41790.0	48292.0	52586.0	51339.0	56442.0	67271.0	84694.0	119452.0	205312.0	234956.0
lane7-s601-index--TCCGGAGA-AGGATAGG-SHI-Plate1-A1-1-QIAseqFX_S601_L007_R2_001	32794.0	38855.0	45761.0	54380.0	63161.0	73263.0	84585.0	101989.0	118788.0	134438.0	161290.0	203777.0	269887.0	380904.0	595613.0	595992.0
lane7-s602-index--TCCGGAGA-TCAGAGCC-SHI-Plate1-A1-2-QIAseqFX_S602_L007_R2_001	61949.0	72270.0	84763.0	100873.0	115749.0	132553.0	152642.0	186341.0	220376.0	236829.0	277444.0	349050.0	457675.0	647166.0	1007223.0	1016968.0
lane7-s603-index--TCCGGAGA-CTTCGCCT-SHI-Plate1-A1-3-QIAseqFX_S603_L007_R2_001	41280.0	48061.0	56581.0	66969.0	77030.0	87446.0	100809.0	119348.0	142431.0	161391.0	193682.0	243352.0	324029.0	462696.0	741335.0	794736.0
lane7-s604-index--TCCGGAGA-TAAGATTA-SHI-Plate1-A1-4-QIAseqFX_S604_L007_R2_001	12609.0	15019.0	17779.0	21383.0	25079.0	28877.0	33885.0	40523.0	48963.0	55732.0	67828.0	86544.0	116180.0	169915.0	281274.0	319267.0
lane7-s605-index--TCCGGAGA-ACGTCCTG-SHI-Plate1-A1-5-QIAseqFX_S605_L007_R2_001	35504.0	41863.0	49284.0	57322.0	66737.0	76738.0	89364.0	105409.0	124400.0	147562.0	179343.0	228046.0	303703.0	435107.0	689220.0	702387.0
lane7-s606-index--TCCGGAGA-GTCAGTAC-Mock-1-QIAseqFX_S606_L007_R2_001	33031.0	39559.0	48032.0	59511.0	69484.0	78769.0	92090.0	116871.0	136246.0	135041.0	156853.0	198909.0	266313.0	388966.0	649541.0	680842.0
lane7-s607-index--CGCTCATT-AGGCTATA-Mock-2-QIAseqFX_S607_L007_R2_001	25742.0	30692.0	37485.0	47192.0	55824.0	64548.0	75094.0	94262.0	114759.0	117757.0	136249.0	175606.0	237870.0	362848.0	664373.0	879423.0
lane7-s608-index--CGCTCATT-GCCTCTAT-Mock-3-rd2-QIAseqFX_S608_L007_R2_001	20252.0	24705.0	30593.0	39428.0	46653.0	52894.0	62081.0	77096.0	92147.0	97251.0	114256.0	145568.0	199272.0	300600.0	548123.0	683473.0
lane7-s609-index--CGCTCATT-AGGATAGG-Mock-4-rd2-QIAseqFX_S609_L007_R2_001	23918.0	28145.0	34043.0	42185.0	48935.0	56896.0	65887.0	80899.0	96183.0	103803.0	122336.0	156185.0	213743.0	323555.0	584082.0	736996.0
lane7-s610-index--CGCTCATT-TCAGAGCC-Mock-5-QIAseqFX_S610_L007_R2_001	20603.0	24532.0	29275.0	35889.0	42902.0	49461.0	58476.0	72568.0	88750.0	92956.0	108115.0	140498.0	192450.0	296684.0	562114.0	792749.0
lane7-s611-index--TTGGAATG-ATAGAGAG-YZ5-1-plexWell96-1_S611_L007_R2_001	3789.0	4359.0	5058.0	5992.0	6753.0	7743.0	9001.0	10157.0	11745.0	13337.0	16146.0	20560.0	28906.0	44093.0	79820.0	105914.0
lane7-s612-index--GGGACAAC-ATAGAGAG-YZ5-2-plexWell96-2_S612_L007_R2_001	4155.0	4940.0	5651.0	6805.0	7897.0	9114.0	10471.0	11992.0	13886.0	16396.0	19929.0	26124.0	36835.0	56738.0	104633.0	134551.0
lane7-s613-index--GCTGGATC-ATAGAGAG-YZ5-3-plexWell96-3_S613_L007_R2_001	4847.0	5860.0	6784.0	8178.0	9523.0	10949.0	13041.0	14869.0	17218.0	20485.0	25975.0	33653.0	46763.0	72445.0	130072.0	147163.0
lane7-s614-index--ACACTCAA-ATAGAGAG-YZ5-4-plexWell96-4_S614_L007_R2_001	2422.0	2959.0	3363.0	3964.0	4562.0	5207.0	5942.0	6677.0	7587.0	8912.0	11088.0	14369.0	19679.0	30236.0	56453.0	97841.0
lane7-s615-index--ACTAGCTA-ATAGAGAG-YZ5-5-plexWell96-5_S615_L007_R2_001	5288.0	6175.0	7064.0	8296.0	9367.0	10710.0	12013.0	13602.0	15062.0	17488.0	20982.0	27070.0	36897.0	55103.0	102434.0	176510.0
lane7-s616-index--GATGATTG-ATAGAGAG-ACR-134-1-plexWell96-6_S616_L007_R2_001	4731.0	5347.0	5790.0	6326.0	6613.0	7007.0	7651.0	8297.0	8616.0	9116.0	10614.0	13116.0	16459.0	24030.0	43048.0	55124.0
lane7-s617-index--GCAATCTT-ATAGAGAG-ACR-134-2-plexWell96-7_S617_L007_R2_001	3654.0	4303.0	4770.0	5106.0	5468.0	5940.0	6496.0	7152.0	7709.0	8807.0	10175.0	12351.0	15689.0	22362.0	39732.0	64490.0
lane7-s618-index--AGAGTGTC-ATAGAGAG-ACR-134-3-plexWell96-8_S618_L007_R2_001	972.0	1176.0	1254.0	1297.0	1401.0	1616.0	1806.0	1969.0	2211.0	2615.0	3011.0	3936.0	5001.0	7283.0	13442.0	17572.0
lane7-s619-index--TTAATGCG-ATAGAGAG-ACR-134-4-plexWell96-9_S619_L007_R2_001	3416.0	3596.0	3871.0	3918.0	4184.0	4324.0	4421.0	4550.0	4733.0	5302.0	6173.0	7368.0	9437.0	13165.0	23024.0	37251.0
lane7-s620-index--TCCTATAT-ATAGAGAG-ACR-134-5-plexWell96-10_S620_L007_R2_001	5603.0	6501.0	7284.0	7760.0	8272.0	8970.0	9794.0	10579.0	11058.0	12235.0	13580.0	16281.0	20107.0	27858.0	48822.0	92529.0
lane7-s621-index--CCATATCC-ATAGAGAG-SHI-Plate1-A1-1-plexWell96-11_S621_L007_R2_001	12426.0	14442.0	16338.0	18556.0	21365.0	24382.0	27776.0	31515.0	36667.0	42978.0	51910.0	64264.0	84267.0	118783.0	189918.0	227227.0
lane7-s622-index--AGCCGACG-ATAGAGAG-SHI-Plate1-A1-2-plexWell96-12_S622_L007_R2_001	5060.0	5819.0	6580.0	7362.0	8049.0	9164.0	9937.0	10995.0	12740.0	14597.0	17573.0	21532.0	27510.0	37836.0	60278.0	81869.0
lane7-s623-index--CGAATTCA-ATAGAGAG-SHI-Plate1-A1-3-plexWell96-13_S623_L007_R2_001	9563.0	10724.0	12238.0	13580.0	15004.0	16974.0	18546.0	20637.0	23434.0	26991.0	31659.0	38767.0	49330.0	67020.0	103914.0	134372.0
lane7-s624-index--GTCAGACC-ATAGAGAG-SHI-Plate1-A1-4-plexWell96-14_S624_L007_R2_001	11779.0	13411.0	15197.0	17096.0	19588.0	22091.0	24832.0	28527.0	32962.0	38127.0	45474.0	55571.0	70795.0	96544.0	148029.0	172873.0
lane7-s625-index--CATTGCCT-ATAGAGAG-SHI-Plate1-A1-5-plexWell96-15_S625_L007_R2_001	9368.0	10756.0	11869.0	13483.0	15157.0	16800.0	19127.0	21587.0	24594.0	28432.0	33678.0	40967.0	52141.0	71964.0	113980.0	145015.0
lane7-s626-index--TAACCGCA-ATAGAGAG-Mock-1-plexWell96-16_S626_L007_R2_001	6146.0	7301.0	8544.0	9943.0	11707.0	13559.0	15446.0	18032.0	20723.0	24517.0	30166.0	38614.0	52822.0	79232.0	142665.0	204885.0
lane7-s627-index--GCGCGAAG-ATAGAGAG-Mock-2-plexWell96-17_S627_L007_R2_001	4383.0	5132.0	5746.0	6561.0	7215.0	8025.0	9078.0	9973.0	10998.0	12818.0	15643.0	20064.0	26930.0	40575.0	67538.0	69224.0
lane7-s628-index--AACACGTG-ATAGAGAG-Mock-3-plexWell96-18_S628_L007_R2_001	8131.0	9693.0	11283.0	13439.0	15524.0	18257.0	21163.0	24623.0	29746.0	36208.0	45419.0	58702.0	80080.0	116639.0	189245.0	205769.0
lane7-s629-index--GTAGTCAC-ATAGAGAG-Mock-4-plexWell96-19_S629_L007_R2_001	6126.0	7253.0	8532.0	10194.0	11904.0	13702.0	15699.0	18560.0	21698.0	25799.0	31400.0	40567.0	55957.0	85581.0	154108.0	191536.0
lane7-s630-index--GAGTTCTC-ATAGAGAG-Mock-5-plexWell96-20_S630_L007_R2_001	17601.0	20613.0	24104.0	28269.0	32589.0	38028.0	44384.0	51720.0	60504.0	73028.0	90215.0	115968.0	157552.0	233511.0	393215.0	407445.0
lane7-s631-index--GTGAGGAA-ATAGAGAG-YZ5-1-plexWell96-21_S631_L007_R2_001	4834.0	5590.0	6762.0	7594.0	8517.0	9890.0	11051.0	12426.0	13851.0	15260.0	17937.0	22876.0	30944.0	46236.0	83148.0	115623.0
lane7-s632-index--GATTCGTA-ATAGAGAG-YZ5-2-plexWell96-22_S632_L007_R2_001	4852.0	5693.0	6422.0	7590.0	8655.0	9956.0	11492.0	12784.0	14364.0	16571.0	20047.0	25300.0	34778.0	53101.0	99792.0	164449.0
lane7-s633-index--GATGCAAT-ATAGAGAG-YZ5-3-plexWell96-23_S633_L007_R2_001	5812.0	7011.0	7855.0	9234.0	10675.0	12297.0	13751.0	15657.0	17429.0	20045.0	23795.0	30186.0	41340.0	62982.0	120021.0	214719.0
lane7-s634-index--ACACGGTT-ATAGAGAG-YZ5-4-plexWell96-24_S634_L007_R2_001	4200.0	5002.0	5855.0	6993.0	7940.0	9316.0	10869.0	12700.0	14472.0	17912.0	21860.0	28597.0	39361.0	61191.0	115013.0	188239.0
lane7-s635-index--GAGGCTGC-ATAGAGAG-YZ5-5-plexWell96-25_S635_L007_R2_001	7380.0	8853.0	10625.0	12519.0	14705.0	17102.0	19986.0	23115.0	27086.0	32054.0	40534.0	52840.0	73763.0	114500.0	207861.0	229756.0
lane7-s636-index--ACAGTTCG-ATAGAGAG-ACR-134-1-plexWell96-26_S636_L007_R2_001	4233.0	4746.0	5029.0	5424.0	5620.0	5963.0	6395.0	6854.0	7656.0	8561.0	9838.0	12023.0	14929.0	20812.0	35200.0	53349.0
lane7-s637-index--CGGAGATA-ATAGAGAG-ACR-134-2-plexWell96-27_S637_L007_R2_001	3383.0	3977.0	4376.0	4708.0	5051.0	5355.0	5924.0	6405.0	6852.0	7671.0	8729.0	10630.0	13510.0	18851.0	33720.0	55251.0
lane7-s638-index--TCGCCAGC-ATAGAGAG-ACR-134-3-plexWell96-28_S638_L007_R2_001	4387.0	5197.0	5936.0	6336.0	6719.0	7345.0	8136.0	8898.0	9404.0	10436.0	12130.0	14984.0	19719.0	28984.0	51648.0	62495.0
lane7-s639-index--TGCACTGT-ATAGAGAG-ACR-134-4-plexWell96-29_S639_L007_R2_001	2582.0	2913.0	3221.0	3425.0	3602.0	3802.0	4089.0	4188.0	4396.0	4938.0	5612.0	6813.0	8785.0	12908.0	22973.0	35739.0
lane7-s640-index--GTACGCGA-ATAGAGAG-ACR-134-5-plexWell96-30_S640_L007_R2_001	7578.0	8827.0	9690.0	10432.0	11262.0	12049.0	13117.0	14349.0	15798.0	17590.0	20477.0	24731.0	31347.0	43683.0	76209.0	101434.0
lane7-s641-index--CTATCCGG-ATAGAGAG-SHI-Plate1-A1-1-plexWell96-31_S641_L007_R2_001	17049.0	19148.0	22123.0	25093.0	28791.0	32572.0	37283.0	42799.0	49585.0	58292.0	70931.0	88005.0	113448.0	156965.0	239534.0	239555.0
lane7-s642-index--CTTAGAGT-ATAGAGAG-SHI-Plate1-A1-2-plexWell96-32_S642_L007_R2_001	16585.0	18771.0	21853.0	24148.0	27803.0	30946.0	34869.0	39378.0	44193.0	50962.0	60758.0	74089.0	95270.0	132062.0	207008.0	250773.0
lane7-s643-index--CAAGGACC-ATAGAGAG-SHI-Plate1-A1-3-plexWell96-33_S643_L007_R2_001	14664.0	16700.0	19434.0	22495.0	25772.0	29792.0	34035.0	39488.0	45713.0	53970.0	66471.0	83616.0	110434.0	157897.0	254267.0	294183.0
lane7-s644-index--AGACAGAG-ATAGAGAG-SHI-Plate1-A1-4-plexWell96-34_S644_L007_R2_001	811.0	901.0	1087.0	1221.0	1379.0	1550.0	1732.0	1873.0	2023.0	2413.0	2971.0	3750.0	5151.0	7759.0	13634.0	18961.0
lane7-s645-index--TCGGATCA-ATAGAGAG-SHI-Plate1-A1-5-plexWell96-35_S645_L007_R2_001	4937.0	5733.0	6509.0	7295.0	8138.0	9322.0	10373.0	11961.0	13929.0	15741.0	18850.0	22673.0	28837.0	38473.0	57312.0	63151.0
lane7-s646-index--TAATGGAC-ATAGAGAG-Mock-1-plexWell96-36_S646_L007_R2_001	6329.0	7643.0	8779.0	10329.0	11648.0	13251.0	15373.0	17188.0	19049.0	21871.0	25772.0	32387.0	44549.0	66346.0	119683.0	165230.0
lane7-s647-index--TAGCAACT-ATAGAGAG-Mock-2-plexWell96-37_S647_L007_R2_001	7100.0	8364.0	9578.0	11178.0	13044.0	15104.0	17148.0	19344.0	22238.0	25848.0	31417.0	39486.0	52915.0	78217.0	137990.0	199973.0
lane7-s648-index--ATAGCACA-ATAGAGAG-Mock-3-plexWell96-38_S648_L007_R2_001	5120.0	6059.0	6856.0	7785.0	9311.0	10564.0	12165.0	13891.0	15807.0	18260.0	23039.0	29005.0	38968.0	57706.0	101863.0	142920.0
lane7-s649-index--ATCAACCG-ATAGAGAG-Mock-4-plexWell96-39_S649_L007_R2_001	4378.0	5088.0	5942.0	6489.0	7276.0	8196.0	9297.0	10426.0	11898.0	14095.0	17406.0	21903.0	29554.0	43807.0	79127.0	131447.0
lane7-s650-index--TTCCTCAT-ATAGAGAG-Mock-5-plexWell96-40_S650_L007_R2_001	19163.0	22066.0	25363.0	28922.0	32850.0	37442.0	42502.0	47730.0	54446.0	62108.0	73922.0	92496.0	121935.0	177851.0	313889.0	472518.0
lane7-s651-index--AGCTACGT-ATAGAGAG-YZ5-1-plexWell96-41_S651_L007_R2_001	2891.0	3370.0	3993.0	4460.0	5325.0	6206.0	6880.0	8144.0	9519.0	11244.0	13934.0	18031.0	24537.0	37774.0	69078.0	102206.0
lane7-s652-index--ATTCCATC-ATAGAGAG-YZ5-2-plexWell96-42_S652_L007_R2_001	3438.0	4232.0	5074.0	5757.0	6719.0	7683.0	8996.0	10233.0	12063.0	14217.0	17542.0	22958.0	31535.0	47736.0	89246.0	127204.0
lane7-s653-index--GTTGTAGG-ATAGAGAG-YZ5-3-plexWell96-43_S653_L007_R2_001	5576.0	6607.0	7544.0	8527.0	9871.0	11111.0	11893.0	12647.0	13056.0	14611.0	17699.0	23247.0	31948.0	49114.0	87838.0	98646.0
lane7-s654-index--TGTGACTA-ATAGAGAG-YZ5-4-plexWell96-44_S654_L007_R2_001	4048.0	4930.0	5540.0	6520.0	7393.0	8635.0	10005.0	11025.0	12362.0	13520.0	16519.0	21175.0	28720.0	44385.0	83165.0	141979.0
lane7-s655-index--CGAAACGC-ATAGAGAG-YZ5-5-plexWell96-45_S655_L007_R2_001	5058.0	5912.0	7166.0	8389.0	9755.0	11346.0	12975.0	15243.0	18129.0	21931.0	27390.0	35518.0	48506.0	74056.0	134782.0	189161.0
lane7-s656-index--GTGTGATT-ATAGAGAG-ACR-134-1-plexWell96-46_S656_L007_R2_001	5006.0	5886.0	6358.0	6912.0	7443.0	7949.0	8794.0	9601.0	9974.0	10713.0	12257.0	14837.0	18427.0	26529.0	48434.0	73131.0
lane7-s657-index--AGGCTGGA-ATAGAGAG-ACR-134-2-plexWell96-47_S657_L007_R2_001	1052.0	1193.0	1219.0	1340.0	1430.0	1591.0	1666.0	1827.0	1999.0	2212.0	2589.0	3243.0	4084.0	5988.0	10696.0	15014.0
lane7-s658-index--CGTGCTGG-ATAGAGAG-ACR-134-3-plexWell96-48_S658_L007_R2_001	5325.0	6091.0	6950.0	7363.0	8006.0	8565.0	9511.0	10477.0	11643.0	12901.0	15415.0	18642.0	24295.0	34692.0	58497.0	60564.0
lane7-s659-index--AATAGGAT-ATAGAGAG-ACR-134-4-plexWell96-49_S659_L007_R2_001	2653.0	3163.0	3391.0	3654.0	3945.0	4339.0	4741.0	5064.0	5534.0	6278.0	7102.0	8633.0	10887.0	15869.0	28921.0	57484.0
lane7-s660-index--CGTCTGCC-ATAGAGAG-ACR-134-5-plexWell96-50_S660_L007_R2_001	5386.0	6321.0	6813.0	7622.0	8152.0	8927.0	10027.0	10911.0	11868.0	13615.0	15901.0	19583.0	24957.0	35827.0	60264.0	64004.0
lane7-s661-index--GAATCTAG-ATAGAGAG-SHI-Plate1-A1-1-plexWell96-51_S661_L007_R2_001	11861.0	13530.0	15363.0	17427.0	19948.0	22308.0	25239.0	28729.0	33075.0	38310.0	45870.0	56300.0	73325.0	102113.0	160922.0	189913.0
lane7-s662-index--ATGCGTCA-ATAGAGAG-SHI-Plate1-A1-2-plexWell96-52_S662_L007_R2_001	10622.0	12387.0	13986.0	15965.0	17906.0	20387.0	23020.0	26255.0	30327.0	34968.0	41474.0	51330.0	65861.0	91431.0	142409.0	168720.0
lane7-s663-index--GCAAGTAC-ATAGAGAG-SHI-Plate1-A1-3-plexWell96-53_S663_L007_R2_001	14535.0	16679.0	18998.0	21549.0	24482.0	27700.0	31523.0	36410.0	41555.0	48766.0	58668.0	71789.0	93682.0	129719.0	200681.0	225014.0
lane7-s664-index--ACTGACCT-ATAGAGAG-SHI-Plate1-A1-4-plexWell96-54_S664_L007_R2_001	8202.0	9433.0	10635.0	12127.0	13755.0	15798.0	17926.0	20488.0	23319.0	27527.0	32711.0	40302.0	51716.0	72157.0	113272.0	141119.0
lane7-s665-index--GAAGACCA-ATAGAGAG-SHI-Plate1-A1-5-plexWell96-55_S665_L007_R2_001	14560.0	16724.0	19099.0	21703.0	25040.0	27915.0	32295.0	36865.0	42493.0	49526.0	59567.0	72794.0	93908.0	129291.0	202619.0	252414.0
lane7-s666-index--CAGAAGCG-ATAGAGAG-Mock-1-plexWell96-56_S666_L007_R2_001	9328.0	10661.0	12345.0	14369.0	16567.0	18589.0	21503.0	24466.0	29030.0	33914.0	41421.0	51996.0	69811.0	100948.0	171888.0	231937.0
lane7-s667-index--AGCTCTAC-ATAGAGAG-Mock-2-plexWell96-57_S667_L007_R2_001	1567.0	1781.0	2158.0	2433.0	2853.0	3201.0	3670.0	4123.0	4756.0	5639.0	7150.0	9087.0	12597.0	18938.0	33126.0	40615.0
lane7-s668-index--CCACTACT-ATAGAGAG-Mock-3-plexWell96-58_S668_L007_R2_001	7750.0	9284.0	10586.0	12445.0	13998.0	16281.0	17962.0	20258.0	22699.0	26358.0	31922.0	40689.0	54473.0	81104.0	148889.0	237170.0
lane7-s669-index--GACCTACA-ATAGAGAG-Mock-4-plexWell96-59_S669_L007_R2_001	4608.0	5254.0	6062.0	6691.0	7317.0	7944.0	8618.0	9531.0	11219.0	13400.0	16593.0	20966.0	28437.0	42611.0	76013.0	130672.0
lane7-s670-index--CACGTCCG-ATAGAGAG-Mock-5-plexWell96-60_S670_L007_R2_001	19966.0	23108.0	26411.0	29362.0	33569.0	37755.0	42195.0	48309.0	55293.0	65074.0	77767.0	97116.0	125727.0	178090.0	297377.0	418236.0
