Sample	60	62	64	66	68	70	72	74	76	78	80	82	84	86	88	90	92	94	96	98	100	102	104	106	108	110	112	114	116	118	120	122	124	126	128	130	132	134	136	138	140	142	144	146	148	150
lane7-s014-indexRPI2-CGATGT-YZ5-1-NEXTFLEXRapidXP_S14_L007_R2_001	121.0	125.0	149.0	318.0	491.0	318.0	313.0	313.0	358.0	414.0	476.0	490.0	642.0	772.0	830.0	1013.0	1298.0	1543.0	1873.0	2256.0	2218.0	2060.0	2170.0	2301.0	2479.0	2772.0	3011.0	3284.0	3741.0	4160.0	4623.0	5188.0	5729.0	6407.0	7219.0	8157.0	9030.0	10693.0	12718.0	16134.0	21263.0	30053.0	49413.0	107474.0	238154.0	2436150.0
lane7-s015-indexRPI4-TGACCA-YZ5-2-NEXTFLEXRapidXP_S15_L007_R2_001	159.0	178.0	185.0	278.0	383.0	297.0	341.0	401.0	462.0	551.0	623.0	665.0	797.0	928.0	1041.0	1183.0	1445.0	1682.0	2031.0	2411.0	2569.0	2677.0	2900.0	3301.0	3724.0	4000.0	4431.0	4950.0	5523.0	6117.0	6885.0	7520.0	8201.0	9147.0	10345.0	11320.0	12432.0	14107.0	16924.0	20291.0	26021.0	35982.0	56866.0	121468.0	261181.0	2723684.0
lane7-s016-indexRPI5-ACAGTG-YZ5-3-NEXTFLEXRapidXP_S16_L007_R2_001	104.0	113.0	129.0	194.0	272.0	230.0	226.0	266.0	289.0	384.0	395.0	425.0	474.0	577.0	703.0	832.0	959.0	1144.0	1384.0	1729.0	1711.0	1618.0	1767.0	1962.0	2055.0	2331.0	2413.0	2806.0	3239.0	3431.0	3826.0	4338.0	4775.0	5298.0	5959.0	6857.0	7542.0	8601.0	10250.0	13022.0	17253.0	24361.0	40404.0	86685.0	191641.0	1835179.0
lane7-s017-indexRPI6-GCCAAT-YZ5-4-NEXTFLEXRapidXP_S17_L007_R2_001	349.0	386.0	500.0	673.0	980.0	847.0	859.0	843.0	919.0	1050.0	1121.0	1183.0	1390.0	1576.0	1657.0	1900.0	2239.0	2560.0	2893.0	3340.0	3312.0	3246.0	3297.0	3449.0	3655.0	3897.0	4110.0	4340.0	4760.0	5247.0	5635.0	6040.0	6376.0	6893.0	7608.0	8128.0	8741.0	9958.0	11467.0	13522.0	17128.0	23399.0	37097.0	79640.0	201903.0	1686160.0
lane7-s018-indexRPI7-CAGATC-YZ5-5-NEXTFLEXRapidXP_S18_L007_R2_001	1102.0	1172.0	1222.0	1437.0	1559.0	1710.0	1775.0	1961.0	2044.0	2363.0	2378.0	2561.0	2748.0	3023.0	3135.0	3484.0	3637.0	3997.0	4379.0	4844.0	5113.0	5228.0	5566.0	6079.0	6209.0	6661.0	7080.0	7503.0	8158.0	8626.0	9025.0	9477.0	10384.0	10944.0	11839.0	12619.0	13094.0	14244.0	15825.0	17422.0	20221.0	24954.0	35909.0	71257.0	176515.0	1711737.0
lane7-s019-indexRPI12-CTTGTA-ACR-134-1-NEXTFLEXRapidXP_S19_L007_R2_001	268.0	299.0	314.0	490.0	702.0	521.0	445.0	462.0	535.0	570.0	580.0	575.0	627.0	759.0	773.0	891.0	1099.0	1417.0	1767.0	2136.0	1928.0	1571.0	1311.0	1214.0	1364.0	1381.0	1355.0	1458.0	1764.0	1986.0	2090.0	2230.0	2640.0	3031.0	3483.0	3814.0	4283.0	4863.0	6232.0	7654.0	9957.0	13499.0	20798.0	39174.0	77428.0	544265.0
lane7-s020-indexRPI1-ATCACG-ACR-134-2-NEXTFLEXRapidXP_S20_L007_R2_001	141.0	171.0	158.0	269.0	560.0	311.0	307.0	227.0	262.0	323.0	330.0	334.0	342.0	397.0	386.0	509.0	515.0	594.0	635.0	590.0	588.0	576.0	587.0	639.0	696.0	791.0	785.0	931.0	1115.0	1204.0	1419.0	1558.0	1849.0	2108.0	2554.0	2746.0	3097.0	3549.0	4321.0	5679.0	7214.0	10210.0	15666.0	30105.0	61304.0	437654.0
lane7-s021-index-TTAGGC-ACR-134-3-NEXTFLEXRapidXP_S21_L007_R2_001	273.0	330.0	318.0	401.0	545.0	451.0	435.0	410.0	475.0	496.0	538.0	578.0	598.0	695.0	709.0	759.0	957.0	1093.0	1218.0	1493.0	1417.0	1239.0	1166.0	1337.0	1343.0	1348.0	1403.0	1591.0	1810.0	1964.0	2136.0	2325.0	2724.0	3052.0	3557.0	3740.0	4077.0	4698.0	5721.0	7102.0	9072.0	12226.0	18483.0	34787.0	76949.0	464908.0
lane7-s022-indexRPI8-ACTTGA-ACR-134-4-NEXTFLEXRapidXP_S22_L007_R2_001	237.0	261.0	274.0	609.0	889.0	650.0	566.0	517.0	531.0	625.0	665.0	624.0	718.0	887.0	824.0	1080.0	1438.0	1847.0	2221.0	2825.0	2501.0	1874.0	1563.0	1507.0	1519.0	1542.0	1514.0	1685.0	1793.0	2025.0	2109.0	2254.0	2470.0	2749.0	3074.0	3343.0	3656.0	4010.0	4903.0	6136.0	7700.0	10377.0	15346.0	28396.0	61628.0	362426.0
lane7-s023-indexRPI9-GATCAG-ACR-134-5-NEXTFLEXRapidXP_S23_L007_R2_001	246.0	221.0	219.0	475.0	614.0	458.0	396.0	397.0	426.0	555.0	557.0	520.0	609.0	681.0	659.0	892.0	1074.0	1501.0	1894.0	2567.0	2151.0	1539.0	1389.0	1489.0	1391.0	1418.0	1403.0	1536.0	1713.0	1885.0	1889.0	2138.0	2564.0	2910.0	3248.0	3507.0	3840.0	4394.0	5457.0	6696.0	8466.0	11376.0	16859.0	30651.0	58151.0	494399.0
lane7-s024-indexRPI10-TAGCTT-SHI-Plate1-A1-1-NEXTFLEXRapidXP_S24_L007_R2_001	662.0	723.0	825.0	1071.0	1315.0	1213.0	1341.0	1438.0	1626.0	1769.0	1925.0	2125.0	2479.0	2724.0	2925.0	3417.0	3851.0	4370.0	5003.0	5709.0	5859.0	5939.0	6267.0	6690.0	7244.0	7659.0	8137.0	8813.0	9625.0	10359.0	10913.0	11996.0	13024.0	14134.0	15511.0	16750.0	18348.0	20697.0	24316.0	29647.0	37906.0	52436.0	84425.0	173786.0	439324.0	3235581.0
lane7-s025-indexRPI11-GGCTAC-SHI-Plate1-A1-2-NEXTFLEXRapidXP_S25_L007_R2_001	357.0	410.0	453.0	577.0	645.0	696.0	695.0	746.0	862.0	935.0	1089.0	1142.0	1268.0	1526.0	1511.0	1693.0	1944.0	2146.0	2514.0	2833.0	3001.0	3203.0	3421.0	3729.0	4240.0	4469.0	4774.0	5320.0	5803.0	6553.0	7140.0	7721.0	8462.0	9599.0	10390.0	11762.0	13189.0	15171.0	18227.0	22741.0	29770.0	42778.0	70678.0	145527.0	337798.0	2570703.0
lane7-s026-indexRPI25-ACTGAT-SHI-Plate1-A1-3-NEXTFLEXRapidXP_S26_L007_R2_001	650.0	692.0	813.0	1043.0	1247.0	1163.0	1230.0	1353.0	1363.0	1547.0	1756.0	1934.0	2123.0	2357.0	2539.0	2889.0	3380.0	3902.0	4459.0	5083.0	5101.0	4986.0	5200.0	5618.0	5893.0	6416.0	6771.0	7357.0	7920.0	8848.0	9233.0	10103.0	10928.0	11982.0	13011.0	14374.0	15946.0	18414.0	21732.0	26422.0	33740.0	47250.0	76398.0	155793.0	387117.0	2909186.0
lane7-s027-indexRPI26-ATGAGC-SHI-Plate1-A1-4-NEXTFLEXRapidXP_S27_L007_R2_001	456.0	468.0	530.0	708.0	940.0	786.0	830.0	849.0	999.0	1112.0	1275.0	1398.0	1653.0	1835.0	1813.0	2160.0	2570.0	3037.0	3603.0	4280.0	4134.0	3884.0	4104.0	4195.0	4465.0	4934.0	5215.0	5475.0	6159.0	6581.0	7075.0	7511.0	8075.0	8904.0	9945.0	10855.0	11820.0	13505.0	15843.0	19206.0	24778.0	35003.0	56624.0	116575.0	291053.0	2032993.0
lane7-s028-indexRPI27-ATTCCT-SHI-Plate1-A1-5-NEXTFLEXRapidXP_S28_L007_R2_001	1005.0	1158.0	1318.0	1445.0	1692.0	1828.0	1833.0	2096.0	2271.0	2515.0	2767.0	2897.0	3159.0	3424.0	3796.0	4228.0	4594.0	5133.0	5566.0	6184.0	6408.0	6627.0	6952.0	7387.0	8111.0	8461.0	9127.0	9966.0	10440.0	11373.0	12078.0	12816.0	13768.0	14868.0	15759.0	16958.0	18009.0	19927.0	22326.0	25064.0	30455.0	38985.0	60383.0	118520.0	300179.0	2635319.0
lane7-s029-indexRPI28-CAAAAG-Mock-1-NEXTFLEXRapidXP_S29_L007_R2_001	114.0	106.0	119.0	487.0	777.0	418.0	359.0	352.0	348.0	416.0	497.0	495.0	607.0	772.0	705.0	1021.0	1510.0	2302.0	2813.0	3906.0	3348.0	2378.0	1937.0	1931.0	1905.0	1928.0	2171.0	2388.0	2691.0	2913.0	3124.0	3643.0	4002.0	4638.0	5343.0	6448.0	7564.0	9321.0	12094.0	16444.0	23415.0	36203.0	63050.0	122665.0	316536.0	2374688.0
lane7-s030-indexRPI29-CAACTA-Mock-2-NEXTFLEXRapidXP_S30_L007_R2_001	328.0	371.0	403.0	628.0	837.0	698.0	691.0	728.0	804.0	889.0	1053.0	1084.0	1254.0	1562.0	1582.0	1940.0	2258.0	2677.0	3276.0	3634.0	3732.0	3585.0	3691.0	3942.0	4228.0	4741.0	5066.0	5405.0	5949.0	6576.0	7202.0	7894.0	8516.0	9428.0	10311.0	11737.0	13248.0	15252.0	17990.0	22441.0	29463.0	41210.0	67556.0	139880.0	319122.0	2779857.0
lane7-s031-indexRPI30-CACCGG-Mock-3-NEXTFLEXRapidXP_S31_L007_R2_001	111.0	102.0	114.0	164.0	212.0	177.0	173.0	240.0	220.0	291.0	309.0	363.0	440.0	484.0	582.0	645.0	785.0	926.0	1197.0	1573.0	1537.0	1508.0	1630.0	1760.0	2003.0	2219.0	2372.0	2674.0	3175.0	3495.0	4008.0	4470.0	5205.0	5846.0	6895.0	7755.0	8928.0	10965.0	13581.0	17730.0	24398.0	36692.0	61997.0	119419.0	315776.0	2682541.0
lane7-s032-indexRPI31-CACGAT-Mock-4-NEXTFLEXRapidXP_S32_L007_R2_001	204.0	241.0	259.0	411.0	626.0	433.0	442.0	460.0	472.0	548.0	628.0	661.0	759.0	865.0	887.0	1126.0	1307.0	1563.0	1817.0	2102.0	2035.0	2061.0	2108.0	2189.0	2441.0	2651.0	2952.0	3196.0	3569.0	4057.0	4504.0	5106.0	5632.0	6568.0	7539.0	8640.0	10391.0	12709.0	15999.0	21505.0	30757.0	46563.0	80376.0	156467.0	406706.0	3308841.0
lane7-s033-indexRPI32-CACTCA-Mock-5-NEXTFLEXRapidXP_S33_L007_R2_001	381.0	470.0	508.0	586.0	663.0	667.0	731.0	820.0	928.0	1006.0	1103.0	1304.0	1466.0	1561.0	1738.0	1965.0	2149.0	2480.0	2719.0	3145.0	3293.0	3533.0	3999.0	4234.0	4666.0	5269.0	5562.0	6221.0	6621.0	7333.0	8164.0	8839.0	9798.0	10823.0	12020.0	13194.0	14636.0	16981.0	19863.0	23873.0	30787.0	42683.0	68109.0	145646.0	333173.0	3573573.0
lane7-s097-index-TTGGAATG-YZ5-1-plexWell96-1_S97_L007_R2_001	853.0	978.0	1024.0	1143.0	1230.0	1272.0	1395.0	1434.0	1478.0	1535.0	1553.0	1599.0	1729.0	1738.0	1753.0	1852.0	1940.0	1978.0	2012.0	2059.0	2165.0	2206.0	2305.0	2320.0	2501.0	2407.0	2489.0	2540.0	2526.0	2700.0	2687.0	2754.0	2893.0	3038.0	3116.0	3136.0	3343.0	3509.0	3736.0	4078.0	4522.0	5522.0	7552.0	14133.0	49256.0	257502.0
lane7-s098-index-GGGACAAC-YZ5-2-plexWell96-2_S98_L007_R2_001	1129.0	1220.0	1288.0	1487.0	1561.0	1614.0	1789.0	1788.0	1912.0	1973.0	2020.0	2078.0	2228.0	2184.0	2285.0	2353.0	2387.0	2529.0	2493.0	2709.0	2674.0	2711.0	2880.0	2931.0	3023.0	3043.0	3167.0	3256.0	3390.0	3393.0	3462.0	3586.0	3749.0	3789.0	3924.0	4027.0	4101.0	4385.0	4768.0	5219.0	5882.0	7003.0	9373.0	18072.0	63643.0	335557.0
lane7-s099-index-GCTGGATC-YZ5-3-plexWell96-3_S99_L007_R2_001	1248.0	1479.0	1543.0	1696.0	1808.0	1883.0	2021.0	2058.0	2081.0	2264.0	2263.0	2389.0	2413.0	2517.0	2696.0	2650.0	2765.0	2852.0	3076.0	3131.0	3027.0	3144.0	3267.0	3307.0	3407.0	3448.0	3596.0	3653.0	3652.0	3904.0	4050.0	4057.0	4189.0	4430.0	4644.0	4780.0	4843.0	5020.0	5524.0	5884.0	6784.0	8088.0	11225.0	20999.0	75282.0	398927.0
lane7-s100-index-ACACTCAA-YZ5-4-plexWell96-4_S100_L007_R2_001	718.0	768.0	883.0	921.0	951.0	1052.0	1093.0	1106.0	1181.0	1226.0	1239.0	1323.0	1322.0	1396.0	1425.0	1553.0	1516.0	1494.0	1660.0	1612.0	1649.0	1639.0	1709.0	1774.0	1850.0	1872.0	1953.0	1890.0	2001.0	1997.0	2078.0	2081.0	2229.0	2298.0	2334.0	2484.0	2450.0	2551.0	2669.0	3021.0	3349.0	3790.0	5336.0	10046.0	34733.0	185604.0
lane7-s101-index-ACTAGCTA-YZ5-5-plexWell96-5_S101_L007_R2_001	1407.0	1455.0	1537.0	1770.0	1817.0	1843.0	1952.0	2026.0	2097.0	2192.0	2276.0	2236.0	2439.0	2483.0	2507.0	2571.0	2596.0	2811.0	2718.0	2783.0	2844.0	3004.0	3003.0	3237.0	3255.0	3178.0	3287.0	3423.0	3555.0	3547.0	3655.0	3818.0	3827.0	4062.0	4154.0	4268.0	4402.0	4583.0	4944.0	5394.0	5893.0	7204.0	9895.0	19027.0	65843.0	349268.0
lane7-s102-index-GATGATTG-ACR-134-1-plexWell96-6_S102_L007_R2_001	394.0	443.0	489.0	547.0	609.0	643.0	730.0	736.0	802.0	883.0	889.0	860.0	1005.0	1090.0	1054.0	1113.0	1151.0	1182.0	1229.0	1278.0	1273.0	1345.0	1409.0	1466.0	1470.0	1575.0	1674.0	1738.0	1682.0	1810.0	1896.0	1954.0	1950.0	2269.0	2303.0	2358.0	2577.0	2698.0	2919.0	3290.0	3894.0	4748.0	6382.0	11011.0	31519.0	148790.0
lane7-s103-index-GCAATCTT-ACR-134-2-plexWell96-7_S103_L007_R2_001	299.0	377.0	413.0	486.0	483.0	523.0	550.0	564.0	633.0	684.0	654.0	760.0	818.0	867.0	819.0	814.0	1002.0	948.0	923.0	993.0	1050.0	1063.0	1107.0	1241.0	1243.0	1326.0	1286.0	1420.0	1513.0	1456.0	1486.0	1595.0	1694.0	1993.0	1927.0	1926.0	2176.0	2408.0	2632.0	3062.0	3331.0	4239.0	5757.0	9742.0	29230.0	147425.0
lane7-s104-index-AGAGTGTC-ACR-134-3-plexWell96-8_S104_L007_R2_001	81.0	131.0	129.0	135.0	153.0	159.0	177.0	203.0	170.0	205.0	256.0	242.0	259.0	231.0	297.0	291.0	342.0	325.0	349.0	387.0	424.0	345.0	400.0	387.0	437.0	433.0	461.0	505.0	536.0	487.0	554.0	531.0	526.0	599.0	636.0	666.0	691.0	755.0	803.0	917.0	1046.0	1225.0	1636.0	2987.0	8783.0	44681.0
lane7-s105-index-TTAATGCG-ACR-134-4-plexWell96-9_S105_L007_R2_001	231.0	266.0	320.0	354.0	415.0	412.0	448.0	496.0	522.0	530.0	609.0	594.0	676.0	714.0	691.0	687.0	807.0	780.0	842.0	838.0	927.0	896.0	953.0	954.0	961.0	1035.0	1079.0	1094.0	1217.0	1197.0	1183.0	1256.0	1252.0	1486.0	1445.0	1519.0	1548.0	1782.0	1851.0	2110.0	2390.0	2966.0	3920.0	6481.0	18711.0	82926.0
lane7-s106-index-TCCTATAT-ACR-134-5-plexWell96-10_S106_L007_R2_001	444.0	559.0	605.0	730.0	735.0	789.0	834.0	895.0	933.0	943.0	966.0	1059.0	1184.0	1197.0	1249.0	1284.0	1390.0	1322.0	1404.0	1399.0	1489.0	1529.0	1651.0	1626.0	1684.0	1763.0	1897.0	2020.0	2087.0	1958.0	2160.0	2245.0	2280.0	2770.0	2588.0	2799.0	2932.0	3309.0	3447.0	4175.0	4730.0	5888.0	8245.0	14360.0	40718.0	195974.0
lane7-s107-index-CCATATCC-SHI-Plate1-A1-1-plexWell96-11_S107_L007_R2_001	2236.0	2314.0	2350.0	2553.0	2472.0	2588.0	2671.0	2779.0	2740.0	2763.0	2848.0	2842.0	2955.0	3063.0	3150.0	3171.0	3270.0	3344.0	3416.0	3575.0	3653.0	3806.0	3767.0	4020.0	4107.0	4133.0	4260.0	4489.0	4566.0	4667.0	4836.0	5142.0	5229.0	5719.0	5863.0	6328.0	6521.0	7228.0	8153.0	9261.0	11175.0	14968.0	22649.0	45412.0	156027.0	724164.0
lane7-s108-index-AGCCGACG-SHI-Plate1-A1-2-plexWell96-12_S108_L007_R2_001	625.0	784.0	738.0	758.0	795.0	805.0	919.0	925.0	979.0	995.0	1020.0	1084.0	1155.0	1172.0	1219.0	1220.0	1281.0	1352.0	1420.0	1460.0	1437.0	1484.0	1515.0	1590.0	1678.0	1710.0	1656.0	1719.0	1828.0	1985.0	2016.0	1923.0	2032.0	2198.0	2499.0	2529.0	2499.0	2688.0	3161.0	3608.0	4209.0	5238.0	7895.0	15743.0	51777.0	228799.0
lane7-s109-index-CGAATTCA-SHI-Plate1-A1-3-plexWell96-13_S109_L007_R2_001	1180.0	1256.0	1257.0	1326.0	1327.0	1373.0	1441.0	1451.0	1502.0	1639.0	1590.0	1558.0	1764.0	1711.0	1759.0	1821.0	1859.0	1879.0	1918.0	1948.0	2061.0	2021.0	2178.0	2235.0	2302.0	2455.0	2441.0	2563.0	2622.0	2679.0	2790.0	2917.0	3079.0	3232.0	3516.0	3585.0	3903.0	4279.0	4796.0	5735.0	6950.0	9122.0	14173.0	27777.0	92193.0	417168.0
lane7-s110-index-GTCAGACC-SHI-Plate1-A1-4-plexWell96-14_S110_L007_R2_001	1541.0	1602.0	1718.0	1762.0	1821.0	1856.0	1898.0	1942.0	2005.0	2142.0	2187.0	2172.0	2209.0	2380.0	2452.0	2577.0	2649.0	2616.0	2783.0	2825.0	2877.0	2985.0	3163.0	3278.0	3285.0	3427.0	3544.0	3565.0	3654.0	3866.0	4022.0	4252.0	4314.0	4605.0	4928.0	5187.0	5335.0	5805.0	6645.0	7834.0	9280.0	12962.0	19228.0	37958.0	128205.0	585805.0
lane7-s111-index-CATTGCCT-SHI-Plate1-A1-5-plexWell96-15_S111_L007_R2_001	1368.0	1334.0	1368.0	1432.0	1459.0	1487.0	1468.0	1519.0	1540.0	1656.0	1664.0	1644.0	1792.0	1802.0	1858.0	1921.0	1918.0	1934.0	1922.0	2031.0	2110.0	2140.0	2236.0	2313.0	2365.0	2496.0	2538.0	2536.0	2596.0	2700.0	2838.0	2979.0	3001.0	3238.0	3562.0	3615.0	3844.0	4190.0	4739.0	5425.0	6818.0	9104.0	13742.0	27766.0	94627.0	443602.0
lane7-s112-index-TAACCGCA-Mock-1-plexWell96-16_S112_L007_R2_001	1240.0	1420.0	1482.0	1634.0	1659.0	1725.0	1801.0	1951.0	2033.0	2143.0	2204.0	2199.0	2290.0	2377.0	2561.0	2582.0	2707.0	2762.0	2884.0	2883.0	3096.0	3096.0	3336.0	3250.0	3421.0	3546.0	3610.0	3759.0	3762.0	3954.0	4009.0	4235.0	4279.0	4557.0	4710.0	4749.0	5079.0	5256.0	5848.0	6492.0	7391.0	9124.0	13002.0	25146.0	92123.0	499282.0
lane7-s113-index-GCGCGAAG-Mock-2-plexWell96-17_S113_L007_R2_001	540.0	610.0	694.0	703.0	784.0	832.0	870.0	971.0	978.0	1030.0	1037.0	1095.0	1173.0	1205.0	1261.0	1299.0	1351.0	1394.0	1493.0	1485.0	1516.0	1563.0	1608.0	1684.0	1681.0	1724.0	1869.0	1833.0	1950.0	1918.0	2061.0	2147.0	2109.0	2268.0	2276.0	2436.0	2522.0	2691.0	2923.0	3235.0	3748.0	4909.0	7080.0	13431.0	47959.0	232871.0
lane7-s114-index-AACACGTG-Mock-3-plexWell96-18_S114_L007_R2_001	1389.0	1617.0	1741.0	1928.0	2008.0	2136.0	2342.0	2540.0	2710.0	2821.0	2789.0	2880.0	3102.0	3268.0	3513.0	3469.0	3605.0	3751.0	4052.0	4133.0	4198.0	4299.0	4444.0	4546.0	4783.0	4921.0	5023.0	5202.0	5384.0	5492.0	5530.0	5787.0	6150.0	6322.0	6652.0	6910.0	7296.0	7565.0	8253.0	8990.0	10583.0	13067.0	18853.0	37646.0	136824.0	704921.0
lane7-s115-index-GTAGTCAC-Mock-4-plexWell96-19_S115_L007_R2_001	1039.0	1193.0	1298.0	1411.0	1657.0	1713.0	1778.0	1998.0	1958.0	2170.0	2174.0	2384.0	2478.0	2624.0	2720.0	2742.0	2782.0	3026.0	3069.0	3197.0	3291.0	3423.0	3511.0	3651.0	3751.0	3863.0	3981.0	4070.0	4307.0	4400.0	4433.0	4707.0	4898.0	5012.0	5285.0	5462.0	5790.0	6250.0	6501.0	7400.0	8241.0	10070.0	13831.0	25897.0	93360.0	510963.0
lane7-s116-index-GAGTTCTC-Mock-5-plexWell96-20_S116_L007_R2_001	2459.0	2795.0	2944.0	3256.0	3356.0	3432.0	3711.0	4036.0	4181.0	4415.0	4506.0	4820.0	4839.0	5211.0	5414.0	5458.0	5751.0	5914.0	6167.0	6407.0	6371.0	6732.0	6836.0	7150.0	7400.0	7678.0	7805.0	8056.0	8354.0	8624.0	9026.0	9138.0	9809.0	10111.0	10659.0	10920.0	11701.0	12563.0	14004.0	15835.0	18495.0	23949.0	35085.0	70002.0	259947.0	1382691.0
lane7-s117-index-GTGAGGAA-YZ5-1-plexWell96-21_S117_L007_R2_001	998.0	1171.0	1274.0	1327.0	1463.0	1476.0	1557.0	1682.0	1716.0	1756.0	1738.0	1877.0	1839.0	2022.0	2066.0	2054.0	2129.0	2279.0	2275.0	2298.0	2373.0	2421.0	2502.0	2593.0	2603.0	2660.0	2686.0	2792.0	3006.0	3007.0	2996.0	3117.0	3246.0	3263.0	3375.0	3580.0	3631.0	3881.0	4216.0	4621.0	5276.0	6291.0	8707.0	16398.0	55730.0	274248.0
lane7-s118-index-GATTCGTA-YZ5-2-plexWell96-22_S118_L007_R2_001	1187.0	1338.0	1278.0	1521.0	1575.0	1656.0	1855.0	1881.0	1973.0	2021.0	2005.0	2104.0	2153.0	2352.0	2348.0	2470.0	2507.0	2499.0	2585.0	2648.0	2720.0	2794.0	2915.0	3081.0	2997.0	3038.0	3171.0	3271.0	3268.0	3432.0	3619.0	3449.0	3623.0	3764.0	3892.0	4132.0	4224.0	4445.0	4660.0	5147.0	5652.0	6635.0	9298.0	17944.0	61646.0	333697.0
lane7-s119-index-GATGCAAT-YZ5-3-plexWell96-23_S119_L007_R2_001	1380.0	1565.0	1638.0	1894.0	1918.0	2083.0	2105.0	2272.0	2348.0	2430.0	2478.0	2576.0	2660.0	2824.0	2868.0	3021.0	3089.0	3088.0	3182.0	3374.0	3306.0	3416.0	3439.0	3750.0	3731.0	3722.0	3850.0	3967.0	3968.0	4192.0	4305.0	4404.0	4514.0	4805.0	4888.0	5162.0	5278.0	5564.0	5851.0	6270.0	7224.0	8402.0	11480.0	21441.0	74198.0	408808.0
lane7-s120-index-ACACGGTT-YZ5-4-plexWell96-24_S120_L007_R2_001	1237.0	1358.0	1501.0	1628.0	1689.0	1809.0	1962.0	2028.0	2023.0	2130.0	2195.0	2216.0	2456.0	2403.0	2517.0	2609.0	2678.0	2742.0	2849.0	3029.0	2927.0	2969.0	3042.0	3300.0	3421.0	3463.0	3455.0	3543.0	3657.0	3844.0	3941.0	4023.0	4158.0	4256.0	4443.0	4580.0	4803.0	5006.0	5127.0	5655.0	6439.0	7412.0	9797.0	18421.0	66381.0	374315.0
lane7-s121-index-GAGGCTGC-YZ5-5-plexWell96-25_S121_L007_R2_001	2335.0	2478.0	2705.0	2929.0	3136.0	3230.0	3368.0	3444.0	3677.0	3805.0	3840.0	4068.0	4170.0	4432.0	4419.0	4597.0	4570.0	4748.0	4985.0	5042.0	5184.0	5340.0	5316.0	5401.0	5650.0	5856.0	5841.0	6123.0	6244.0	6425.0	6509.0	6726.0	6710.0	7251.0	7337.0	7605.0	7848.0	8352.0	8708.0	9736.0	10947.0	12999.0	17902.0	33902.0	120103.0	634514.0
lane7-s122-index-ACAGTTCG-ACR-134-1-plexWell96-26_S122_L007_R2_001	298.0	326.0	405.0	417.0	508.0	536.0	532.0	628.0	661.0	717.0	724.0	808.0	848.0	803.0	909.0	974.0	1005.0	982.0	1082.0	1045.0	1056.0	1187.0	1150.0	1285.0	1274.0	1201.0	1343.0	1390.0	1449.0	1461.0	1562.0	1613.0	1600.0	1789.0	1866.0	2001.0	2074.0	2288.0	2654.0	2933.0	3276.0	4095.0	5684.0	9750.0	28321.0	131026.0
lane7-s123-index-CGGAGATA-ACR-134-2-plexWell96-27_S123_L007_R2_001	256.0	282.0	364.0	400.0	456.0	481.0	528.0	532.0	624.0	640.0	676.0	718.0	810.0	839.0	847.0	928.0	949.0	1022.0	974.0	1066.0	1109.0	1137.0	1267.0	1211.0	1287.0	1305.0	1355.0	1444.0	1433.0	1513.0	1566.0	1622.0	1792.0	1922.0	1881.0	2095.0	2267.0	2398.0	2683.0	2816.0	3349.0	4131.0	5571.0	9324.0	25960.0	121733.0
lane7-s124-index-TCGCCAGC-ACR-134-3-plexWell96-28_S124_L007_R2_001	440.0	532.0	572.0	674.0	772.0	746.0	817.0	857.0	946.0	965.0	1055.0	1097.0	1192.0	1232.0	1267.0	1200.0	1412.0	1414.0	1441.0	1487.0	1480.0	1553.0	1710.0	1716.0	1741.0	1766.0	1853.0	2001.0	1969.0	2017.0	2149.0	2251.0	2438.0	2732.0	2692.0	2594.0	2926.0	3194.0	3396.0	3946.0	4512.0	5556.0	7711.0	12924.0	37074.0	179507.0
lane7-s125-index-TGCACTGT-ACR-134-4-plexWell96-29_S125_L007_R2_001	231.0	262.0	307.0	387.0	379.0	395.0	451.0	416.0	482.0	507.0	490.0	560.0	669.0	650.0	641.0	652.0	710.0	681.0	781.0	815.0	770.0	828.0	830.0	895.0	860.0	988.0	926.0	1032.0	1065.0	1048.0	1087.0	1161.0	1170.0	1355.0	1280.0	1282.0	1460.0	1648.0	1664.0	1820.0	2135.0	2598.0	3491.0	5571.0	16777.0	79918.0
lane7-s126-index-GTACGCGA-ACR-134-5-plexWell96-30_S126_L007_R2_001	596.0	702.0	791.0	944.0	1028.0	1014.0	1143.0	1202.0	1299.0	1355.0	1339.0	1415.0	1556.0	1651.0	1692.0	1600.0	1794.0	1771.0	1936.0	1946.0	2133.0	2071.0	2121.0	2166.0	2291.0	2350.0	2483.0	2734.0	2677.0	2791.0	2822.0	3050.0	3075.0	3801.0	3620.0	3788.0	4049.0	4444.0	4974.0	5734.0	6544.0	8206.0	11625.0	20012.0	57819.0	276763.0
lane7-s127-index-CTATCCGG-SHI-Plate1-A1-1-plexWell96-31_S127_L007_R2_001	2196.0	2398.0	2395.0	2523.0	2684.0	2656.0	2799.0	2868.0	3058.0	3079.0	3269.0	3265.0	3359.0	3549.0	3523.0	3751.0	3828.0	4086.0	4135.0	4304.0	4290.0	4450.0	4581.0	4739.0	4971.0	5036.0	5097.0	5539.0	5531.0	5824.0	6114.0	6360.0	6537.0	7069.0	7588.0	7951.0	8479.0	9180.0	10481.0	12258.0	15031.0	20348.0	30791.0	61560.0	208811.0	944569.0
lane7-s128-index-CTTAGAGT-SHI-Plate1-A1-2-plexWell96-32_S128_L007_R2_001	2029.0	2177.0	2269.0	2346.0	2387.0	2456.0	2522.0	2614.0	2779.0	2735.0	2817.0	2843.0	3097.0	3173.0	3160.0	3350.0	3444.0	3456.0	3458.0	3610.0	3695.0	3778.0	4016.0	4035.0	4239.0	4348.0	4433.0	4690.0	4749.0	5047.0	5193.0	5534.0	5659.0	6034.0	6416.0	6830.0	7237.0	7864.0	8947.0	10412.0	12676.0	16650.0	24953.0	49942.0	170865.0	798619.0
lane7-s129-index-CAAGGACC-SHI-Plate1-A1-3-plexWell96-33_S129_L007_R2_001	3038.0	3113.0	3228.0	3368.0	3397.0	3445.0	3653.0	3574.0	3710.0	3795.0	4012.0	4041.0	4162.0	4247.0	4362.0	4465.0	4565.0	4671.0	4865.0	4908.0	5114.0	5170.0	5356.0	5506.0	5584.0	5874.0	5942.0	6132.0	6327.0	6532.0	6689.0	6994.0	7328.0	7580.0	7918.0	8282.0	8884.0	9801.0	10767.0	12483.0	15099.0	19320.0	28960.0	57737.0	199641.0	952426.0
lane7-s130-index-AGACAGAG-SHI-Plate1-A1-4-plexWell96-34_S130_L007_R2_001	210.0	195.0	262.0	274.0	244.0	256.0	262.0	298.0	267.0	334.0	336.0	323.0	354.0	377.0	372.0	369.0	402.0	417.0	458.0	450.0	455.0	442.0	496.0	450.0	528.0	516.0	500.0	538.0	528.0	610.0	582.0	605.0	582.0	695.0	659.0	691.0	682.0	717.0	789.0	827.0	928.0	1076.0	1449.0	2696.0	9432.0	43898.0
lane7-s131-index-TCGGATCA-SHI-Plate1-A1-5-plexWell96-35_S131_L007_R2_001	597.0	654.0	733.0	756.0	734.0	754.0	810.0	796.0	787.0	895.0	895.0	804.0	937.0	969.0	973.0	990.0	1054.0	1047.0	1135.0	1102.0	1074.0	1218.0	1236.0	1225.0	1315.0	1328.0	1333.0	1338.0	1471.0	1483.0	1562.0	1674.0	1690.0	1797.0	1859.0	2062.0	2142.0	2370.0	2698.0	3112.0	4064.0	5313.0	8125.0	16001.0	52372.0	230178.0
lane7-s132-index-TAATGGAC-Mock-1-plexWell96-36_S132_L007_R2_001	1021.0	1111.0	1215.0	1305.0	1351.0	1520.0	1486.0	1593.0	1682.0	1770.0	1810.0	1945.0	1980.0	2129.0	2087.0	2173.0	2289.0	2407.0	2613.0	2592.0	2545.0	2717.0	2733.0	2810.0	2863.0	3104.0	3051.0	3159.0	3346.0	3449.0	3511.0	3662.0	3750.0	3951.0	4270.0	4258.0	4339.0	4819.0	5135.0	5681.0	6580.0	8003.0	11813.0	22655.0	80163.0	424894.0
lane7-s133-index-TAGCAACT-Mock-2-plexWell96-37_S133_L007_R2_001	1157.0	1187.0	1280.0	1458.0	1457.0	1587.0	1620.0	1724.0	1911.0	1976.0	2017.0	2148.0	2252.0	2268.0	2348.0	2376.0	2546.0	2563.0	2749.0	2708.0	2846.0	2975.0	3070.0	3173.0	3292.0	3357.0	3385.0	3496.0	3617.0	3725.0	3904.0	3962.0	4244.0	4387.0	4505.0	4784.0	4984.0	5283.0	5787.0	6346.0	7414.0	9305.0	13193.0	25155.0	90485.0	491445.0
lane7-s134-index-ATAGCACA-Mock-3-plexWell96-38_S134_L007_R2_001	850.0	914.0	981.0	1078.0	1083.0	1196.0	1279.0	1367.0	1416.0	1428.0	1541.0	1553.0	1624.0	1719.0	1820.0	1797.0	1816.0	1878.0	2050.0	2022.0	2087.0	2167.0	2232.0	2338.0	2331.0	2458.0	2560.0	2497.0	2690.0	2731.0	2923.0	2937.0	3015.0	3092.0	3179.0	3573.0	3631.0	3757.0	4075.0	4567.0	5319.0	6708.0	9527.0	18508.0	67499.0	357518.0
lane7-s135-index-ATCAACCG-Mock-4-plexWell96-39_S135_L007_R2_001	810.0	960.0	1007.0	1012.0	1147.0	1251.0	1340.0	1422.0	1444.0	1520.0	1572.0	1712.0	1810.0	1754.0	1874.0	1976.0	1975.0	2066.0	2089.0	2216.0	2280.0	2294.0	2412.0	2468.0	2697.0	2610.0	2718.0	2729.0	2803.0	2945.0	2986.0	3149.0	3065.0	3223.0	3414.0	3419.0	3619.0	3800.0	4198.0	4400.0	5054.0	5984.0	8191.0	14806.0	51831.0	269201.0
lane7-s136-index-TTCCTCAT-Mock-5-plexWell96-40_S136_L007_R2_001	2583.0	2629.0	2978.0	3180.0	3359.0	3659.0	3732.0	3858.0	4107.0	4380.0	4479.0	4448.0	4737.0	4980.0	5028.0	5398.0	5211.0	5586.0	5841.0	5993.0	6041.0	6293.0	6193.0	6560.0	6847.0	7162.0	7274.0	7366.0	7507.0	7881.0	8045.0	8345.0	8939.0	9035.0	9450.0	9817.0	10784.0	11240.0	12371.0	13786.0	16267.0	20605.0	31171.0	61511.0	220461.0	1162547.0
lane7-s137-index-AGCTACGT-YZ5-1-plexWell96-41_S137_L007_R2_001	617.0	676.0	777.0	896.0	904.0	1015.0	1041.0	1091.0	1157.0	1274.0	1295.0	1383.0	1386.0	1553.0	1469.0	1539.0	1666.0	1653.0	1747.0	1822.0	1882.0	1944.0	1937.0	2007.0	2104.0	2183.0	2264.0	2179.0	2340.0	2526.0	2439.0	2467.0	2584.0	2819.0	2903.0	2966.0	3066.0	3134.0	3303.0	3584.0	4023.0	4688.0	6227.0	11291.0	40085.0	217492.0
lane7-s138-index-ATTCCATC-YZ5-2-plexWell96-42_S138_L007_R2_001	1006.0	1105.0	1108.0	1319.0	1338.0	1398.0	1377.0	1534.0	1626.0	1627.0	1733.0	1656.0	1858.0	1879.0	1855.0	1931.0	2028.0	1996.0	2145.0	2152.0	2196.0	2274.0	2393.0	2394.0	2433.0	2599.0	2663.0	2780.0	2720.0	2876.0	2811.0	2869.0	3068.0	3093.0	3267.0	3367.0	3432.0	3671.0	3914.0	4285.0	4754.0	5612.0	7713.0	15058.0	53241.0	288830.0
lane7-s139-index-GTTGTAGG-YZ5-3-plexWell96-43_S139_L007_R2_001	957.0	1009.0	1133.0	1202.0	1337.0	1399.0	1519.0	1544.0	1676.0	1718.0	1843.0	1866.0	1926.0	2096.0	2096.0	2159.0	2179.0	2244.0	2272.0	2503.0	2539.0	2593.0	2655.0	2712.0	2837.0	2751.0	2825.0	2932.0	2994.0	3129.0	3257.0	3258.0	3320.0	3486.0	3585.0	3752.0	3947.0	4012.0	4222.0	4761.0	5299.0	6358.0	8917.0	16787.0	56114.0	277779.0
lane7-s140-index-TGTGACTA-YZ5-4-plexWell96-44_S140_L007_R2_001	949.0	1090.0	1129.0	1316.0	1376.0	1448.0	1439.0	1623.0	1651.0	1722.0	1838.0	1887.0	1909.0	1968.0	1953.0	2108.0	2110.0	2318.0	2352.0	2361.0	2372.0	2502.0	2524.0	2641.0	2592.0	2652.0	2733.0	2861.0	2904.0	2948.0	3114.0	3199.0	3111.0	3391.0	3597.0	3642.0	3600.0	3860.0	4056.0	4486.0	5055.0	6116.0	8183.0	15278.0	51986.0	280667.0
lane7-s141-index-CGAAACGC-YZ5-5-plexWell96-45_S141_L007_R2_001	1549.0	1741.0	1890.0	2036.0	2085.0	2229.0	2351.0	2414.0	2541.0	2613.0	2721.0	2767.0	2714.0	3009.0	2985.0	3063.0	3191.0	3265.0	3317.0	3468.0	3583.0	3581.0	3649.0	3786.0	3937.0	3835.0	3993.0	4163.0	4211.0	4346.0	4542.0	4551.0	4698.0	4791.0	5022.0	5196.0	5373.0	5545.0	5989.0	6442.0	7290.0	8745.0	12145.0	22677.0	80864.0	434813.0
lane7-s142-index-GTGTGATT-ACR-134-1-plexWell96-46_S142_L007_R2_001	400.0	523.0	536.0	661.0	738.0	690.0	773.0	840.0	885.0	871.0	979.0	1044.0	1113.0	1170.0	1147.0	1167.0	1265.0	1333.0	1274.0	1376.0	1351.0	1479.0	1537.0	1502.0	1633.0	1620.0	1857.0	1964.0	1941.0	1874.0	2040.0	2116.0	2270.0	2561.0	2516.0	2419.0	2791.0	3100.0	3328.0	3731.0	4272.0	5376.0	7305.0	12350.0	35793.0	173773.0
lane7-s143-index-AGGCTGGA-ACR-134-2-plexWell96-47_S143_L007_R2_001	95.0	96.0	130.0	143.0	152.0	182.0	187.0	174.0	220.0	226.0	230.0	241.0	272.0	300.0	312.0	295.0	314.0	333.0	323.0	366.0	372.0	357.0	408.0	373.0	418.0	451.0	434.0	461.0	468.0	474.0	457.0	508.0	565.0	573.0	594.0	552.0	690.0	708.0	744.0	839.0	952.0	1285.0	1518.0	2649.0	7820.0	35938.0
lane7-s144-index-CGTGCTGG-ACR-134-3-plexWell96-48_S144_L007_R2_001	388.0	509.0	538.0	637.0	705.0	754.0	812.0	867.0	972.0	952.0	1105.0	1125.0	1211.0	1266.0	1275.0	1304.0	1374.0	1343.0	1482.0	1597.0	1553.0	1636.0	1763.0	1754.0	1858.0	1813.0	1939.0	2095.0	2201.0	2296.0	2384.0	2437.0	2471.0	2819.0	2846.0	3054.0	3243.0	3638.0	3904.0	4379.0	5193.0	6549.0	8864.0	15250.0	44264.0	202510.0
lane7-s145-index-AATAGGAT-ACR-134-4-plexWell96-49_S145_L007_R2_001	234.0	281.0	367.0	421.0	437.0	479.0	486.0	580.0	607.0	614.0	684.0	729.0	745.0	766.0	834.0	787.0	892.0	953.0	937.0	1012.0	951.0	988.0	1083.0	1077.0	1114.0	1128.0	1208.0	1322.0	1306.0	1273.0	1360.0	1450.0	1502.0	1660.0	1653.0	1693.0	1830.0	1923.0	2169.0	2456.0	2680.0	3250.0	4348.0	7302.0	21725.0	108261.0
lane7-s146-index-CGTCTGCC-ACR-134-5-plexWell96-50_S146_L007_R2_001	436.0	526.0	692.0	669.0	780.0	762.0	820.0	897.0	1021.0	1024.0	1072.0	1075.0	1267.0	1314.0	1362.0	1356.0	1450.0	1399.0	1490.0	1526.0	1522.0	1571.0	1608.0	1675.0	1778.0	1825.0	1893.0	2146.0	2146.0	2057.0	2188.0	2447.0	2454.0	2977.0	2748.0	2979.0	3082.0	3537.0	3951.0	4344.0	5025.0	6451.0	8931.0	15494.0	45183.0	208239.0
lane7-s147-index-GAATCTAG-SHI-Plate1-A1-1-plexWell96-51_S147_L007_R2_001	1720.0	1748.0	1824.0	1921.0	2017.0	1969.0	2064.0	2203.0	2240.0	2306.0	2395.0	2410.0	2489.0	2611.0	2669.0	2664.0	2734.0	2837.0	2997.0	3014.0	3145.0	3226.0	3336.0	3391.0	3613.0	3682.0	3760.0	3967.0	4003.0	4141.0	4332.0	4468.0	4678.0	4909.0	5203.0	5531.0	5963.0	6409.0	7039.0	8316.0	9962.0	13110.0	19996.0	38715.0	132670.0	619652.0
lane7-s148-index-ATGCGTCA-SHI-Plate1-A1-2-plexWell96-52_S148_L007_R2_001	1495.0	1509.0	1606.0	1678.0	1788.0	1782.0	1802.0	1803.0	1923.0	1957.0	2039.0	1999.0	2128.0	2153.0	2290.0	2305.0	2387.0	2594.0	2475.0	2656.0	2758.0	2784.0	2848.0	2995.0	3095.0	3101.0	3144.0	3249.0	3376.0	3574.0	3601.0	3794.0	3857.0	4307.0	4526.0	4740.0	4972.0	5455.0	6185.0	7052.0	8611.0	11413.0	17505.0	34134.0	116881.0	546966.0
lane7-s149-index-GCAAGTAC-SHI-Plate1-A1-3-plexWell96-53_S149_L007_R2_001	2024.0	2084.0	2119.0	2243.0	2403.0	2389.0	2440.0	2465.0	2654.0	2598.0	2749.0	2821.0	2930.0	2974.0	3103.0	3152.0	3139.0	3251.0	3370.0	3586.0	3725.0	3827.0	3898.0	4053.0	4118.0	4245.0	4395.0	4607.0	4678.0	5063.0	5037.0	5339.0	5516.0	5858.0	6259.0	6537.0	7041.0	7607.0	8618.0	10229.0	12265.0	16657.0	24898.0	48959.0	167702.0	785933.0
lane7-s150-index-ACTGACCT-SHI-Plate1-A1-4-plexWell96-54_S150_L007_R2_001	1201.0	1235.0	1275.0	1331.0	1332.0	1389.0	1454.0	1429.0	1463.0	1490.0	1651.0	1635.0	1712.0	1694.0	1784.0	1861.0	1860.0	1928.0	2066.0	2028.0	2125.0	2152.0	2194.0	2246.0	2508.0	2437.0	2529.0	2634.0	2618.0	2742.0	2840.0	3021.0	3114.0	3217.0	3446.0	3730.0	3938.0	4242.0	4707.0	5579.0	6819.0	8786.0	13459.0	26237.0	90988.0	434762.0
lane7-s151-index-GAAGACCA-SHI-Plate1-A1-5-plexWell96-55_S151_L007_R2_001	2307.0	2357.0	2553.0	2562.0	2722.0	2758.0	2710.0	2720.0	2932.0	2975.0	2943.0	3057.0	3107.0	3305.0	3311.0	3364.0	3360.0	3373.0	3617.0	3651.0	3789.0	3986.0	3917.0	3998.0	4273.0	4343.0	4412.0	4683.0	4746.0	4947.0	5217.0	5388.0	5469.0	5795.0	6198.0	6615.0	7042.0	7651.0	8644.0	10177.0	12554.0	16593.0	25787.0	50140.0	171589.0	798096.0
lane7-s152-index-CAGAAGCG-Mock-1-plexWell96-56_S152_L007_R2_001	1198.0	1323.0	1450.0	1642.0	1642.0	1794.0	1959.0	2072.0	2188.0	2358.0	2455.0	2393.0	2556.0	2652.0	2769.0	2946.0	2971.0	3225.0	3203.0	3342.0	3577.0	3533.0	3641.0	3858.0	3909.0	4143.0	4164.0	4276.0	4280.0	4438.0	4743.0	4892.0	5150.0	5304.0	5575.0	5922.0	6186.0	6627.0	7138.0	8113.0	9395.0	12291.0	17488.0	34763.0	123000.0	630726.0
lane7-s153-index-AGCTCTAC-Mock-2-plexWell96-57_S153_L007_R2_001	294.0	274.0	360.0	380.0	423.0	463.0	468.0	543.0	537.0	566.0	588.0	609.0	632.0	672.0	683.0	659.0	700.0	766.0	796.0	787.0	752.0	794.0	896.0	951.0	884.0	960.0	903.0	1003.0	1035.0	985.0	1095.0	1119.0	1170.0	1183.0	1279.0	1282.0	1263.0	1319.0	1473.0	1680.0	1836.0	2085.0	2933.0	5365.0	19480.0	105546.0
lane7-s154-index-CCACTACT-Mock-3-plexWell96-58_S154_L007_R2_001	1373.0	1512.0	1691.0	1842.0	1851.0	1902.0	2113.0	2194.0	2322.0	2395.0	2509.0	2622.0	2691.0	2830.0	2829.0	2991.0	3023.0	3233.0	3242.0	3308.0	3461.0	3407.0	3579.0	3702.0	3945.0	3889.0	4031.0	4077.0	4299.0	4326.0	4487.0	4659.0	4665.0	5128.0	5179.0	5312.0	5582.0	5864.0	6316.0	7192.0	8387.0	9893.0	14071.0	26523.0	97150.0	529734.0
lane7-s155-index-GACCTACA-Mock-4-plexWell96-59_S155_L007_R2_001	685.0	821.0	963.0	982.0	1092.0	1206.0	1252.0	1366.0	1385.0	1518.0	1537.0	1538.0	1670.0	1777.0	1854.0	1809.0	1905.0	2052.0	2185.0	2160.0	2110.0	2277.0	2258.0	2481.0	2495.0	2514.0	2624.0	2714.0	2815.0	2835.0	2922.0	2850.0	2952.0	3212.0	3415.0	3450.0	3480.0	3587.0	3975.0	4323.0	4641.0	5543.0	7671.0	14389.0	49990.0	263565.0
lane7-s156-index-CACGTCCG-Mock-5-plexWell96-60_S156_L007_R2_001	2363.0	2638.0	2795.0	3149.0	3224.0	3395.0	3637.0	3794.0	3850.0	4092.0	4294.0	4369.0	4632.0	4877.0	4954.0	5057.0	5221.0	5436.0	5614.0	5747.0	5863.0	6098.0	6312.0	6547.0	6665.0	6945.0	7224.0	7302.0	7613.0	7647.0	7983.0	8274.0	8544.0	8736.0	9723.0	9872.0	10237.0	11154.0	12127.0	13911.0	16708.0	21391.0	32478.0	64475.0	227862.0	1140736.0
lane7-s551-index--TAAGGCGA-CTCCTTAC-YZ5-1-NexteraFlex-Full_S551_L007_R2_001	4071.0	5144.0	5387.0	4517.0	3637.0	4411.0	5480.0	5984.0	5189.0	4095.0	4558.0	5630.0	6405.0	5938.0	4806.0	4874.0	6166.0	7136.0	6603.0	5435.0	5055.0	6362.0	7629.0	7368.0	6175.0	5731.0	6686.0	8237.0	8416.0	7457.0	6881.0	7830.0	9295.0	10223.0	9996.0	9735.0	11415.0	14739.0	18479.0	22888.0	30111.0	46797.0	83788.0	194688.0	518692.0	3533080.0
lane7-s552-index--CGTACTAG-TCTTACGC-YZ5-2-NexteraFlex-Full_S552_L007_R2_001	4873.0	6276.0	6786.0	5394.0	4337.0	5217.0	6915.0	7331.0	6339.0	4836.0	5406.0	7252.0	7924.0	6998.0	5592.0	5603.0	7213.0	8384.0	7750.0	6466.0	5922.0	7467.0	8774.0	8478.0	7231.0	6600.0	7448.0	9016.0	9166.0	8247.0	7113.0	7922.0	9519.0	10161.0	9670.0	8810.0	9686.0	11611.0	14151.0	15710.0	18936.0	26410.0	45941.0	101295.0	367229.0	1762166.0
lane7-s553-index--AGGCAGAA-TATGCAGT-YZ5-3-NexteraFlex-Full_S553_L007_R2_001	2478.0	3142.0	3360.0	2667.0	2153.0	2519.0	3347.0	3674.0	3078.0	2498.0	2767.0	3506.0	3958.0	3498.0	2822.0	2852.0	3616.0	4279.0	3939.0	3249.0	3146.0	3776.0	4549.0	4626.0	3771.0	3458.0	4078.0	5003.0	5088.0	4521.0	4042.0	4611.0	5588.0	6382.0	5953.0	5739.0	6635.0	8401.0	10648.0	12979.0	17087.0	26043.0	46966.0	107271.0	280647.0	1767815.0
lane7-s554-index--GGACTCCT-AGAGGATA-YZ5-4-NexteraFlex-Full_S554_L007_R2_001	2026.0	2510.0	2727.0	2291.0	1801.0	2200.0	2864.0	3135.0	2636.0	2192.0	2340.0	3152.0	3429.0	3242.0	2535.0	2712.0	3320.0	4065.0	3671.0	3157.0	2994.0	3776.0	4346.0	4468.0	3931.0	3494.0	4240.0	5176.0	5395.0	4751.0	4157.0	4716.0	6026.0	6377.0	6152.0	5882.0	6350.0	8170.0	9874.0	11367.0	13782.0	20408.0	35632.0	83784.0	229762.0	1959193.0
lane7-s555-index--TAGGCATG-ACTCTAGG-YZ5-5-NexteraFlex-Full_S555_L007_R2_001	5114.0	6812.0	7250.0	5767.0	4209.0	5185.0	6989.0	7493.0	6356.0	4829.0	5076.0	6840.0	7889.0	6767.0	5321.0	5234.0	6904.0	7781.0	7321.0	5705.0	5315.0	6642.0	7958.0	7807.0	6430.0	5519.0	6565.0	7838.0	8025.0	6798.0	5903.0	6626.0	7904.0	8680.0	7752.0	7059.0	7438.0	9183.0	10972.0	11801.0	13361.0	18903.0	31654.0	70454.0	253186.0	1227274.0
lane7-s556-index--CGAGGCTG-TCGCATAA-ACR-134-1-NexteraFlex-Full_S556_L007_R2_001	687.0	911.0	971.0	818.0	683.0	727.0	947.0	1002.0	905.0	766.0	817.0	1018.0	1196.0	1042.0	817.0	877.0	1101.0	1212.0	1143.0	1065.0	920.0	1091.0	1313.0	1319.0	1242.0	1105.0	1323.0	1562.0	1696.0	1468.0	1570.0	1746.0	2065.0	2684.0	2542.0	2586.0	2976.0	3822.0	4351.0	5349.0	6676.0	9140.0	14348.0	27847.0	83729.0	351820.0
lane7-s557-index--AAGAGGCA-CTAGTCGA-ACR-134-2-NexteraFlex-Full_S557_L007_R2_001	752.0	988.0	1072.0	898.0	736.0	805.0	1009.0	1150.0	1050.0	881.0	997.0	1134.0	1355.0	1304.0	1036.0	1017.0	1334.0	1505.0	1381.0	1317.0	1122.0	1427.0	1679.0	1704.0	1639.0	1373.0	1751.0	2287.0	2217.0	2061.0	2388.0	2799.0	3127.0	4660.0	3962.0	4128.0	4993.0	6361.0	7444.0	9362.0	11882.0	16581.0	26991.0	51963.0	118404.0	732423.0
lane7-s558-index--GCTCATGA-ATTAGACG-ACR-134-3-NexteraFlex-Full_S558_L007_R2_001	678.0	887.0	1001.0	808.0	685.0	766.0	952.0	1033.0	939.0	850.0	855.0	980.0	1396.0	1285.0	1012.0	1005.0	1343.0	1396.0	1281.0	1248.0	1130.0	1325.0	1608.0	1625.0	1577.0	1324.0	1810.0	2260.0	2301.0	2050.0	2405.0	2742.0	3193.0	4459.0	3971.0	4209.0	4957.0	6064.0	7158.0	9001.0	11249.0	15560.0	25099.0	46766.0	103468.0	677581.0
lane7-s559-index--CGTACTAG-TATGCAGT-ACR-134-4-NexteraFlex-Full_S559_L007_R2_001	1020.0	1405.0	1462.0	1262.0	976.0	1182.0	1419.0	1552.0	1399.0	1162.0	1194.0	1531.0	1883.0	1727.0	1262.0	1333.0	1753.0	1880.0	1783.0	1648.0	1463.0	1865.0	2133.0	2109.0	2004.0	1856.0	2222.0	2771.0	2702.0	2577.0	2816.0	3129.0	3807.0	4793.0	4421.0	4588.0	5464.0	6728.0	7950.0	9943.0	12110.0	16889.0	27165.0	51636.0	146427.0	667160.0
lane7-s560-index--AGGCAGAA-CTCCTTAC-ACR-134-5-NexteraFlex-Full_S560_L007_R2_001	3235.0	4463.0	4683.0	3806.0	2884.0	3234.0	4196.0	4767.0	4105.0	3061.0	3244.0	4440.0	5160.0	4658.0	3480.0	3421.0	4495.0	5237.0	4978.0	4107.0	3705.0	4571.0	5360.0	5477.0	4835.0	4164.0	4976.0	6244.0	6420.0	5753.0	5613.0	6307.0	7394.0	9258.0	8370.0	8182.0	9455.0	11572.0	13535.0	15696.0	18275.0	24237.0	36862.0	66741.0	195766.0	862217.0
lane7-s561-index--TAAGGCGA-TCTTACGC-SHI-Plate1-A1-1-NexteraFlex-Full_S561_L007_R2_001	1651.0	2247.0	2384.0	1958.0	1486.0	1973.0	2617.0	2899.0	2420.0	1837.0	2234.0	3146.0	3478.0	3076.0	2514.0	2651.0	3608.0	4165.0	3986.0	3214.0	3145.0	4262.0	5146.0	5026.0	4190.0	3927.0	4970.0	6179.0	6501.0	5413.0	5114.0	6111.0	7492.0	8367.0	7854.0	7500.0	8969.0	11394.0	13936.0	15978.0	19699.0	29818.0	51966.0	117832.0	334892.0	2286948.0
lane7-s562-index--CTCTCTAC-AGAGGATA-SHI-Plate1-A1-2-NexteraFlex-Full_S562_L007_R2_001	1992.0	2740.0	2916.0	2314.0	1750.0	2362.0	3071.0	3283.0	2788.0	2126.0	2498.0	3423.0	3860.0	3297.0	2653.0	2752.0	3783.0	4445.0	4108.0	3225.0	3257.0	4186.0	5103.0	4867.0	4008.0	3613.0	4674.0	5817.0	6052.0	4973.0	4538.0	5433.0	6949.0	7544.0	6905.0	6360.0	7679.0	9924.0	12285.0	13814.0	17145.0	25784.0	46432.0	105453.0	308698.0	2057808.0
lane7-s563-index--GTAGAGGA-ACTCTAGG-SHI-Plate1-A1-3-NexteraFlex-Full_S563_L007_R2_001	1087.0	1517.0	1531.0	1243.0	959.0	1255.0	1664.0	1822.0	1497.0	1238.0	1400.0	1815.0	2134.0	1818.0	1404.0	1520.0	2015.0	2349.0	2186.0	1778.0	1760.0	2322.0	2792.0	2583.0	2289.0	2062.0	2433.0	3135.0	3303.0	2831.0	2696.0	3226.0	4030.0	4499.0	4469.0	4656.0	5717.0	7687.0	9995.0	12911.0	17917.0	28842.0	52218.0	114768.0	287124.0	1750362.0
lane7-s564-index--AAGAGGCA-ATTAGACG-SHI-Plate1-A1-4-NexteraFlex-Full_S564_L007_R2_001	1591.0	2061.0	2232.0	1769.0	1458.0	1640.0	2373.0	2562.0	2048.0	1662.0	1981.0	2661.0	2906.0	2576.0	2035.0	2117.0	2959.0	3296.0	3114.0	2574.0	2490.0	3200.0	3825.0	3832.0	3201.0	3008.0	3776.0	4667.0	4828.0	4220.0	3999.0	4876.0	6122.0	6642.0	6715.0	7013.0	8678.0	11728.0	15599.0	20332.0	28655.0	46668.0	85063.0	187575.0	480210.0	2903240.0
lane7-s565-index--GCTCATGA-TCGCATAA-SHI-Plate1-A1-5-NexteraFlex-Full_S565_L007_R2_001	3152.0	4296.0	4596.0	3493.0	2579.0	3353.0	4782.0	5286.0	4312.0	3110.0	3682.0	5133.0	5850.0	5040.0	3779.0	3908.0	5544.0	6458.0	5859.0	4387.0	4183.0	5592.0	6839.0	6776.0	5262.0	4572.0	5808.0	7314.0	7542.0	6246.0	5511.0	6179.0	8005.0	8868.0	7882.0	7200.0	8340.0	11015.0	13321.0	14829.0	17658.0	26300.0	45370.0	97097.0	339117.0	1502714.0
lane7-s566-index--CGAGGCTG-CTAGTCGA-Mock-1-NexteraFlex-Full_S566_L007_R2_001	3223.0	4274.0	4374.0	3519.0	2832.0	3525.0	4577.0	5044.0	4134.0	3385.0	3853.0	5290.0	5483.0	4865.0	3781.0	4171.0	5519.0	6111.0	5536.0	4473.0	4435.0	5802.0	6782.0	6377.0	5147.0	4953.0	6216.0	7440.0	7226.0	6088.0	5579.0	6601.0	8293.0	8683.0	7721.0	7733.0	8942.0	11479.0	13790.0	15943.0	20632.0	31918.0	57396.0	129681.0	359418.0	2516965.0
lane7-s567-index--AGGCAGAA-TCTTACGC-Mock-2-NexteraFlex-Full_S567_L007_R2_001	1874.0	2540.0	2596.0	2208.0	1704.0	2292.0	2998.0	3136.0	2707.0	2054.0	2426.0	3331.0	3630.0	3348.0	2640.0	2864.0	3847.0	4425.0	3941.0	3323.0	3382.0	4348.0	5146.0	4877.0	4113.0	3930.0	4868.0	5962.0	6041.0	5163.0	4840.0	5721.0	7209.0	7684.0	7223.0	7203.0	8576.0	10918.0	13536.0	16018.0	20738.0	32163.0	57226.0	129701.0	354368.0	2489693.0
lane7-s568-index--TAAGGCGA-TATGCAGT-Mock-3-NexteraFlex-Full_S568_L007_R2_001	2416.0	3181.0	3380.0	2826.0	2226.0	2922.0	3870.0	4200.0	3453.0	2729.0	3242.0	4378.0	4667.0	4116.0	3429.0	3678.0	5001.0	5534.0	5027.0	4052.0	4244.0	5427.0	6300.0	6242.0	5109.0	4944.0	6186.0	7474.0	7491.0	6678.0	6258.0	7375.0	9109.0	9585.0	8974.0	8940.0	10642.0	13997.0	17303.0	20839.0	27482.0	42440.0	77015.0	176302.0	491256.0	3675924.0
lane7-s569-index--CGTACTAG-CTCCTTAC-Mock-4-NexteraFlex-Full_S569_L007_R2_001	1298.0	1785.0	1864.0	1547.0	1228.0	1620.0	2022.0	2203.0	1813.0	1522.0	1788.0	2409.0	2551.0	2194.0	1801.0	2006.0	2544.0	2978.0	2660.0	2255.0	2154.0	2807.0	3492.0	3217.0	2646.0	2578.0	3240.0	3863.0	3767.0	3313.0	3192.0	3779.0	4636.0	4970.0	4744.0	4486.0	5462.0	7141.0	9007.0	10676.0	13877.0	22414.0	39876.0	88865.0	243110.0	1679413.0
lane7-s570-index--TAGCGCTC-AGAGGATA-Mock-5-NexteraFlex-Full_S570_L007_R2_001	27763.0	37613.0	38891.0	29479.0	22955.0	29700.0	40316.0	42282.0	34008.0	25640.0	30241.0	41843.0	45388.0	37758.0	28322.0	30710.0	41447.0	47225.0	41294.0	31884.0	30828.0	41338.0	47980.0	44662.0	35584.0	32075.0	40379.0	48690.0	46751.0	38425.0	33960.0	39496.0	48494.0	49388.0	41889.0	36810.0	40977.0	50551.0	54741.0	52273.0	52023.0	65263.0	100741.0	194694.0	745509.0	4086630.0
lane7-s571-index--GGACTCCT-CTCCTTAC-YZ5-1-NexteraFlex-Reduced_S571_L007_R2_001	21510.0	25731.0	27100.0	24084.0	20528.0	21398.0	24819.0	26541.0	24709.0	21219.0	20543.0	23207.0	25051.0	24342.0	21346.0	19794.0	21561.0	23687.0	23401.0	20919.0	18908.0	19829.0	21567.0	22246.0	20327.0	18186.0	18003.0	19680.0	20715.0	19349.0	17700.0	17265.0	18348.0	19479.0	18994.0	17575.0	17021.0	18400.0	20339.0	21972.0	23589.0	27622.0	38639.0	72189.0	233922.0	1059473.0
lane7-s572-index--CTCTCTAC-TCTTACGC-YZ5-2-NexteraFlex-Reduced_S572_L007_R2_001	25165.0	29382.0	31462.0	27578.0	23075.0	24452.0	28789.0	30407.0	28123.0	24023.0	23587.0	26566.0	29062.0	27793.0	24121.0	22807.0	24531.0	26891.0	26521.0	23810.0	21580.0	22363.0	24539.0	25002.0	23028.0	20493.0	20508.0	22239.0	23100.0	22077.0	19791.0	19423.0	20564.0	21809.0	21240.0	19930.0	19152.0	20469.0	22800.0	24265.0	26085.0	29908.0	41870.0	79109.0	260463.0	1141836.0
lane7-s573-index--TAGCGCTC-TATGCAGT-YZ5-3-NexteraFlex-Reduced_S573_L007_R2_001	19378.0	22545.0	23899.0	21267.0	17829.0	18725.0	21974.0	23483.0	21800.0	18546.0	18152.0	20370.0	22143.0	21338.0	18867.0	17596.0	18647.0	20833.0	20716.0	18500.0	16711.0	17183.0	18975.0	19621.0	17651.0	15941.0	16032.0	16984.0	17947.0	17104.0	15350.0	14977.0	15976.0	16907.0	16522.0	15441.0	14885.0	15685.0	17156.0	18521.0	19064.0	22129.0	30718.0	57205.0	188566.0	892058.0
lane7-s574-index--TAGGCATG-AGAGGATA-YZ5-4-NexteraFlex-Reduced_S574_L007_R2_001	22734.0	26672.0	28160.0	24982.0	20851.0	22445.0	25762.0	27545.0	25604.0	21611.0	21205.0	24461.0	26378.0	25021.0	22065.0	20530.0	22166.0	24274.0	24412.0	21508.0	19805.0	20297.0	22228.0	22903.0	20902.0	18735.0	18963.0	20306.0	21092.0	19905.0	18366.0	17363.0	18874.0	19452.0	19362.0	17709.0	17098.0	18184.0	20084.0	21301.0	22602.0	25654.0	34930.0	64561.0	211728.0	996358.0
lane7-s575-index--CGAGGCTG-ACTCTAGG-YZ5-5-NexteraFlex-Reduced_S575_L007_R2_001	31551.0	38234.0	41070.0	35776.0	30355.0	32705.0	38793.0	42255.0	39216.0	33289.0	32401.0	37740.0	41433.0	40314.0	34842.0	32503.0	35963.0	40017.0	40167.0	35574.0	32238.0	33691.0	37590.0	38968.0	35535.0	31848.0	31759.0	35100.0	36682.0	34685.0	31697.0	30532.0	32820.0	34878.0	34605.0	31777.0	30580.0	33321.0	37467.0	40365.0	43324.0	51130.0	73933.0	142037.0	457065.0	1973023.0
lane7-s576-index--TAAGGCGA-TCGCATAA-ACR-134-1-NexteraFlex-Reduced_S576_L007_R2_001	4283.0	5202.0	5556.0	4915.0	4190.0	3974.0	4814.0	5337.0	4833.0	4147.0	4096.0	4725.0	5326.0	5283.0	4298.0	3902.0	4560.0	4881.0	5050.0	4568.0	4043.0	4241.0	4853.0	4786.0	4612.0	4180.0	4345.0	4948.0	5065.0	4748.0	4569.0	4616.0	5073.0	5733.0	5739.0	5582.0	5932.0	6484.0	7669.0	9048.0	10499.0	13872.0	20037.0	35843.0	99793.0	375200.0
lane7-s577-index--CGTACTAG-CTAGTCGA-ACR-134-2-NexteraFlex-Reduced_S577_L007_R2_001	4470.0	5529.0	5958.0	5197.0	4359.0	4308.0	5083.0	5613.0	5274.0	4279.0	4297.0	5057.0	5644.0	5576.0	4637.0	4181.0	4733.0	5248.0	5148.0	4682.0	4342.0	4547.0	5072.0	5152.0	4901.0	4394.0	4610.0	5142.0	5423.0	5153.0	4781.0	4850.0	5399.0	6060.0	5795.0	5814.0	6295.0	6905.0	7976.0	9250.0	11237.0	14602.0	21337.0	38415.0	105837.0	395615.0
lane7-s578-index--AGGCAGAA-ATTAGACG-ACR-134-3-NexteraFlex-Reduced_S578_L007_R2_001	6040.0	7410.0	7990.0	6960.0	5899.0	5710.0	6926.0	7435.0	6925.0	5920.0	5623.0	6660.0	7568.0	7220.0	6007.0	5691.0	6284.0	7091.0	6931.0	6361.0	5622.0	6051.0	7021.0	6820.0	6446.0	5904.0	5944.0	6460.0	7026.0	6774.0	6439.0	6296.0	6949.0	7995.0	7763.0	7777.0	8185.0	9244.0	10848.0	12500.0	14974.0	19004.0	28301.0	49103.0	135070.0	481228.0
lane7-s579-index--CTCTCTAC-TATGCAGT-ACR-134-4-NexteraFlex-Reduced_S579_L007_R2_001	7605.0	9428.0	10039.0	8869.0	7510.0	7351.0	8684.0	9335.0	8707.0	7380.0	7249.0	8389.0	9319.0	8948.0	7565.0	7082.0	7864.0	8474.0	8514.0	7619.0	6850.0	7566.0	8316.0	8431.0	7768.0	6967.0	7117.0	8040.0	8402.0	8034.0	7573.0	7532.0	7964.0	9210.0	8749.0	8404.0	8837.0	9919.0	11266.0	12616.0	14625.0	18535.0	26624.0	47495.0	134163.0	521803.0
lane7-s580-index--TAGCGCTC-CTCCTTAC-ACR-134-5-NexteraFlex-Reduced_S580_L007_R2_001	5293.0	6573.0	7100.0	6572.0	5373.0	5278.0	6484.0	7119.0	6746.0	5662.0	5559.0	6423.0	7627.0	7389.0	6204.0	5645.0	6525.0	7306.0	7343.0	6779.0	5906.0	6509.0	7324.0	7477.0	7044.0	6286.0	6661.0	7505.0	8084.0	7604.0	7183.0	7434.0	8093.0	9516.0	9053.0	9288.0	9666.0	11027.0	13132.0	15441.0	18656.0	24444.0	35956.0	65881.0	188980.0	723276.0
lane7-s581-index--GGACTCCT-TCTTACGC-SHI-Plate1-A1-1-NexteraFlex-Reduced_S581_L007_R2_001	10900.0	13528.0	14407.0	12571.0	10328.0	11423.0	13804.0	15605.0	14027.0	11762.0	11844.0	14248.0	16225.0	15264.0	12970.0	12277.0	14247.0	16345.0	16245.0	14395.0	13091.0	14541.0	16635.0	16976.0	15392.0	14035.0	14524.0	16794.0	17956.0	16995.0	15691.0	16041.0	18081.0	20185.0	19956.0	19551.0	20594.0	23744.0	28800.0	33958.0	41127.0	56118.0	87866.0	168899.0	509889.0	2008238.0
lane7-s582-index--GTAGAGGA-AGAGGATA-SHI-Plate1-A1-2-NexteraFlex-Reduced_S582_L007_R2_001	17742.0	22384.0	23958.0	20694.0	16915.0	18342.0	22716.0	25009.0	22805.0	18688.0	18986.0	22515.0	25556.0	24212.0	20458.0	19437.0	22360.0	25766.0	25689.0	22105.0	20429.0	22385.0	25736.0	26183.0	23944.0	21354.0	22592.0	25922.0	27070.0	26049.0	23030.0	23416.0	26102.0	28748.0	28686.0	27053.0	27719.0	31350.0	36979.0	41800.0	48124.0	62566.0	95684.0	184431.0	599528.0	2446162.0
lane7-s583-index--AAGAGGCA-ACTCTAGG-SHI-Plate1-A1-3-NexteraFlex-Reduced_S583_L007_R2_001	11767.0	15177.0	16279.0	13908.0	11433.0	12471.0	15438.0	16912.0	15628.0	12869.0	12998.0	15525.0	17388.0	16815.0	14114.0	13384.0	15235.0	17698.0	17686.0	15336.0	13852.0	15269.0	17543.0	18204.0	16682.0	14857.0	15344.0	17781.0	19049.0	18085.0	16482.0	16525.0	18404.0	20501.0	20321.0	19602.0	20149.0	23511.0	27634.0	32379.0	38969.0	52138.0	81247.0	158663.0	486934.0	1933496.0
lane7-s584-index--CGTACTAG-ATTAGACG-SHI-Plate1-A1-4-NexteraFlex-Reduced_S584_L007_R2_001	9032.0	11078.0	11977.0	10172.0	8614.0	9383.0	11360.0	12417.0	11336.0	9647.0	9386.0	11142.0	12675.0	12102.0	10173.0	9690.0	11116.0	12608.0	12550.0	10963.0	9829.0	10891.0	12307.0	12744.0	11648.0	10370.0	10902.0	12121.0	12885.0	12130.0	11198.0	11036.0	12536.0	13631.0	13729.0	12725.0	12931.0	14949.0	17363.0	19967.0	23334.0	30147.0	46828.0	89593.0	278971.0	1087126.0
lane7-s585-index--AGGCAGAA-TCGCATAA-SHI-Plate1-A1-5-NexteraFlex-Reduced_S585_L007_R2_001	10141.0	13318.0	14798.0	12485.0	10095.0	10910.0	14054.0	16142.0	14572.0	11884.0	11818.0	14754.0	17367.0	16568.0	13524.0	12650.0	14919.0	17928.0	18035.0	15370.0	13609.0	15405.0	18143.0	19095.0	17007.0	15083.0	15667.0	18606.0	20164.0	18823.0	16849.0	17461.0	20265.0	22655.0	22974.0	21633.0	23091.0	27018.0	33619.0	40444.0	48726.0	67194.0	106495.0	206218.0	594804.0	2139932.0
lane7-s586-index--TAAGGCGA-CTAGTCGA-Mock-1-NexteraFlex-Reduced_S586_L007_R2_001	14882.0	17525.0	18159.0	15550.0	13498.0	15676.0	18284.0	19188.0	17117.0	14712.0	15820.0	18823.0	19830.0	18538.0	16123.0	16040.0	18745.0	20080.0	19406.0	16941.0	16439.0	18427.0	20291.0	20197.0	17728.0	17024.0	18297.0	20190.0	20637.0	19032.0	17769.0	18835.0	21101.0	21853.0	21157.0	20267.0	21493.0	24784.0	28669.0	31762.0	37741.0	50697.0	79332.0	156155.0	507629.0	2294421.0
lane7-s587-index--CGGAGCCT-ACTCTAGG-Mock-2-NexteraFlex-Reduced_S587_L007_R2_001	15256.0	18417.0	18890.0	16242.0	14027.0	16164.0	19257.0	20158.0	18101.0	15813.0	16662.0	19800.0	21097.0	19561.0	16742.0	17125.0	19889.0	21398.0	20747.0	18398.0	17567.0	19857.0	21861.0	21477.0	19250.0	18088.0	19491.0	21859.0	22255.0	20583.0	19329.0	20101.0	22527.0	23489.0	22731.0	22012.0	23258.0	26428.0	30294.0	33848.0	40072.0	54501.0	86709.0	172398.0	563479.0	2540950.0
lane7-s588-index--GCTCATGA-CTAGTCGA-Mock-3-NexteraFlex-Reduced_S588_L007_R2_001	11677.0	13783.0	14392.0	12256.0	10564.0	12274.0	14492.0	15099.0	13637.0	11757.0	12620.0	14650.0	15859.0	14619.0	12454.0	12847.0	14694.0	16116.0	15355.0	13497.0	13181.0	14510.0	15935.0	16002.0	14029.0	13463.0	14371.0	16064.0	16480.0	15032.0	13985.0	14726.0	16678.0	17426.0	16650.0	16396.0	17070.0	19828.0	22744.0	25816.0	30290.0	40901.0	63946.0	125589.0	401951.0	1808459.0
lane7-s589-index--CGAGGCTG-ATTAGACG-Mock-4-NexteraFlex-Reduced_S589_L007_R2_001	10899.0	12990.0	13503.0	11637.0	10323.0	11507.0	13831.0	14344.0	12765.0	11285.0	12107.0	13898.0	14971.0	13747.0	12038.0	11934.0	13830.0	15105.0	14384.0	12929.0	12303.0	13625.0	15090.0	14762.0	13559.0	12525.0	13662.0	15026.0	15287.0	14150.0	13143.0	13605.0	15265.0	15897.0	15303.0	14737.0	15580.0	18003.0	20190.0	22617.0	26365.0	35532.0	55761.0	113138.0	366750.0	1597826.0
lane7-s590-index--AAGAGGCA-TCGCATAA-Mock-5-NexteraFlex-Reduced_S590_L007_R2_001	13274.0	16255.0	16910.0	14072.0	11716.0	13892.0	17421.0	18120.0	15723.0	13125.0	14163.0	17253.0	18766.0	17016.0	14638.0	14811.0	17176.0	18909.0	18289.0	15899.0	15051.0	17039.0	19387.0	19106.0	17112.0	15554.0	17231.0	19543.0	19782.0	17970.0	16800.0	17735.0	20182.0	21255.0	20724.0	19728.0	21010.0	24780.0	29060.0	33031.0	39374.0	53663.0	86555.0	172900.0	553203.0	2409196.0
lane7-s591-index--ATTACTCG-AGGCTATA-YZ5-1-QIAseqFX_S591_L007_R2_001	1719.0	2073.0	2418.0	2797.0	3227.0	3761.0	4264.0	5031.0	5577.0	9770.0	12839.0	10890.0	10672.0	10895.0	11734.0	12493.0	13433.0	14548.0	14744.0	15584.0	16194.0	16804.0	17902.0	19778.0	22294.0	25192.0	28630.0	26341.0	24523.0	23563.0	23924.0	23982.0	24330.0	24511.0	25072.0	25513.0	26232.0	27157.0	28159.0	30138.0	32233.0	36039.0	46913.0	84219.0	295828.0	1639539.0
lane7-s592-index--ATTACTCG-GCCTCTAT-YZ5-2-QIAseqFX_S592_L007_R2_001	1944.0	2395.0	2841.0	3359.0	3682.0	4287.0	4974.0	5624.0	6220.0	9423.0	12385.0	10787.0	10932.0	11394.0	11989.0	12727.0	13981.0	14578.0	14914.0	15781.0	16527.0	17379.0	17927.0	19387.0	21389.0	22827.0	24090.0	23422.0	22714.0	22781.0	22685.0	23366.0	23599.0	24243.0	24544.0	25496.0	25781.0	26692.0	27851.0	29596.0	32680.0	36788.0	48488.0	89194.0	317035.0	1716607.0
lane7-s593-index--ATTACTCG-AGGATAGG-YZ5-3-QIAseqFX_S593_L007_R2_001	1179.0	1332.0	1616.0	1833.0	2207.0	2546.0	3052.0	3511.0	4069.0	7389.0	9709.0	8163.0	7994.0	8350.0	8950.0	9673.0	10537.0	11210.0	11749.0	12481.0	13276.0	13702.0	14932.0	16572.0	18376.0	20654.0	23125.0	21698.0	20928.0	20408.0	20744.0	20908.0	21583.0	21796.0	22514.0	22927.0	23533.0	24119.0	25534.0	26855.0	29991.0	33933.0	43839.0	79679.0	284386.0	1555044.0
lane7-s594-index--ATTACTCG-TCAGAGCC-YZ5-4-QIAseqFX_S594_L007_R2_001	785.0	928.0	1156.0	1314.0	1583.0	1812.0	2081.0	2502.0	2928.0	7359.0	9474.0	7186.0	6775.0	6778.0	7375.0	7981.0	9056.0	9636.0	9980.0	10370.0	11151.0	11776.0	13042.0	15078.0	17372.0	21180.0	25230.0	22245.0	19891.0	19008.0	18995.0	19662.0	19838.0	20032.0	21145.0	21780.0	22279.0	23120.0	24431.0	26512.0	29293.0	33699.0	45333.0	83752.0	299362.0	1622886.0
lane7-s595-index--ATTACTCG-CTTCGCCT-YZ5-5-QIAseqFX_S595_L007_R2_001	915.0	1057.0	1181.0	1394.0	1567.0	1749.0	2045.0	2263.0	2636.0	4074.0	5499.0	4762.0	4947.0	5022.0	5383.0	5909.0	6320.0	6818.0	7152.0	7690.0	8277.0	8739.0	9464.0	10169.0	11239.0	12402.0	13489.0	13054.0	13146.0	13185.0	13428.0	13781.0	14489.0	14823.0	15076.0	15629.0	16016.0	16664.0	17541.0	18841.0	20594.0	23257.0	30812.0	55885.0	201950.0	1118466.0
lane7-s596-index--ATTACTCG-TAAGATTA-ACR-134-1-QIAseqFX_S596_L007_R2_001	288.0	347.0	386.0	428.0	523.0	557.0	614.0	704.0	855.0	3763.0	6164.0	3865.0	3211.0	2734.0	2887.0	2962.0	3464.0	3673.0	3283.0	3372.0	3697.0	3513.0	4203.0	5355.0	6765.0	8883.0	10962.0	8932.0	7542.0	6731.0	6457.0	6799.0	7039.0	7289.0	7677.0	8032.0	8731.0	9311.0	10367.0	11486.0	13539.0	16758.0	21741.0	36110.0	102644.0	487400.0
lane7-s597-index--ATTACTCG-ACGTCCTG-ACR-134-2-QIAseqFX_S597_L007_R2_001	275.0	253.0	288.0	351.0	380.0	453.0	538.0	561.0	666.0	2829.0	4380.0	2878.0	2343.0	2107.0	2230.0	2349.0	2564.0	2819.0	2612.0	2627.0	3027.0	2905.0	3411.0	4192.0	5079.0	6317.0	7387.0	6470.0	5644.0	5262.0	5271.0	5478.0	5703.0	6172.0	6497.0	6819.0	7454.0	7933.0	8844.0	10278.0	11684.0	14751.0	19228.0	32336.0	94673.0	449057.0
lane7-s598-index--ATTACTCG-GTCAGTAC-ACR-134-3-QIAseqFX_S598_L007_R2_001	165.0	177.0	202.0	194.0	232.0	284.0	268.0	361.0	415.0	5560.0	6593.0	3602.0	2710.0	2281.0	2242.0	2279.0	2601.0	2598.0	2266.0	2218.0	2240.0	2154.0	3011.0	4501.0	7046.0	11431.0	16243.0	11386.0	7477.0	5671.0	4868.0	4834.0	4627.0	4526.0	4797.0	5089.0	5128.0	5336.0	5797.0	6247.0	7161.0	8318.0	10401.0	15940.0	42286.0	190369.0
lane7-s599-index--TCCGGAGA-AGGCTATA-ACR-134-4-QIAseqFX_S599_L007_R2_001	345.0	388.0	477.0	532.0	587.0	709.0	762.0	994.0	1103.0	6866.0	9402.0	5613.0	4807.0	3983.0	4411.0	4425.0	4966.0	5557.0	4608.0	4481.0	4906.0	4634.0	5845.0	8870.0	13203.0	19858.0	26253.0	19063.0	13216.0	10239.0	9504.0	8992.0	9109.0	9047.0	9621.0	10001.0	10562.0	11011.0	12028.0	13157.0	15050.0	18195.0	22939.0	35273.0	92705.0	415974.0
lane7-s600-index--TCCGGAGA-GCCTCTAT-ACR-134-5-QIAseqFX_S600_L007_R2_001	948.0	1090.0	1242.0	1441.0	1574.0	1602.0	1812.0	1988.0	2220.0	4879.0	6372.0	4694.0	4513.0	4359.0	4604.0	4696.0	5166.0	5459.0	5142.0	5395.0	5715.0	5882.0	6337.0	7497.0	9107.0	10858.0	12070.0	10665.0	9493.0	8980.0	8851.0	9084.0	9431.0	10168.0	10451.0	10939.0	11567.0	12515.0	13968.0	15706.0	18237.0	22752.0	30268.0	49715.0	137937.0	630309.0
lane7-s601-index--TCCGGAGA-AGGATAGG-SHI-Plate1-A1-1-QIAseqFX_S601_L007_R2_001	745.0	852.0	1103.0	1278.0	1576.0	1826.0	2062.0	2465.0	2730.0	5338.0	6496.0	5751.0	6147.0	6344.0	6905.0	7535.0	8470.0	9130.0	9934.0	10547.0	11374.0	11792.0	13203.0	14692.0	17210.0	19829.0	23058.0	21463.0	20133.0	19917.0	19901.0	20444.0	21462.0	22171.0	22913.0	23500.0	24586.0	25954.0	27818.0	30195.0	34103.0	40745.0	58389.0	107397.0	364361.0	1841633.0
lane7-s602-index--TCCGGAGA-TCAGAGCC-SHI-Plate1-A1-2-QIAseqFX_S602_L007_R2_001	1424.0	1645.0	1949.0	2293.0	2734.0	3194.0	3740.0	4406.0	5048.0	9479.0	11057.0	9846.0	10569.0	10928.0	11940.0	12864.0	14575.0	15884.0	16649.0	17864.0	19437.0	20234.0	22592.0	25706.0	30529.0	37554.0	45375.0	40071.0	35344.0	34211.0	34707.0	35447.0	36628.0	37587.0	38909.0	40603.0	41555.0	44808.0	47612.0	51696.0	59532.0	70683.0	101364.0	187587.0	633282.0	3178730.0
lane7-s603-index--TCCGGAGA-CTTCGCCT-SHI-Plate1-A1-3-QIAseqFX_S603_L007_R2_001	1261.0	1559.0	1826.0	2225.0	2555.0	2980.0	3454.0	4025.0	4558.0	7290.0	9392.0	8452.0	8836.0	9222.0	10272.0	11202.0	12407.0	13532.0	14099.0	14930.0	16245.0	16826.0	18468.0	20429.0	22422.0	25501.0	27842.0	26490.0	26029.0	26241.0	26783.0	27794.0	28318.0	29404.0	30466.0	31350.0	32430.0	34264.0	35922.0	39078.0	44605.0	52033.0	72658.0	131356.0	439577.0	2234568.0
lane7-s604-index--TCCGGAGA-TAAGATTA-SHI-Plate1-A1-4-QIAseqFX_S604_L007_R2_001	362.0	410.0	507.0	622.0	658.0	798.0	957.0	1190.0	1311.0	2194.0	2765.0	2562.0	2710.0	2848.0	3209.0	3516.0	3982.0	4245.0	4492.0	4897.0	5362.0	5701.0	6021.0	6754.0	7734.0	8577.0	9828.0	9491.0	9234.0	9271.0	9558.0	9872.0	10222.0	10459.0	10686.0	11222.0	11370.0	12128.0	12799.0	14238.0	15539.0	18208.0	25385.0	45879.0	156941.0	844143.0
lane7-s605-index--TCCGGAGA-ACGTCCTG-SHI-Plate1-A1-5-QIAseqFX_S605_L007_R2_001	1500.0	1747.0	2066.0	2308.0	2691.0	3011.0	3472.0	3974.0	4298.0	5902.0	6910.0	7062.0	7503.0	8168.0	8939.0	9651.0	10759.0	11681.0	12561.0	13214.0	14521.0	15329.0	16401.0	17752.0	19276.0	20947.0	22399.0	22354.0	22882.0	23320.0	24107.0	25055.0	25879.0	26825.0	28024.0	28559.0	29654.0	31337.0	33380.0	36113.0	40639.0	46821.0	66444.0	121241.0	403510.0	2041803.0
lane7-s606-index--TCCGGAGA-GTCAGTAC-Mock-1-QIAseqFX_S606_L007_R2_001	541.0	618.0	790.0	929.0	1118.0	1256.0	1528.0	1852.0	2177.0	6769.0	7732.0	5540.0	5513.0	5656.0	6157.0	6619.0	7572.0	8341.0	8476.0	9108.0	9844.0	10353.0	11856.0	15243.0	19220.0	26262.0	33333.0	27310.0	22404.0	20055.0	19264.0	19871.0	20509.0	20644.0	21514.0	22800.0	23000.0	24364.0	26021.0	28562.0	32526.0	38694.0	53938.0	101526.0	362260.0	2050393.0
lane7-s607-index--CGCTCATT-AGGCTATA-Mock-2-QIAseqFX_S607_L007_R2_001	696.0	806.0	982.0	1141.0	1371.0	1625.0	1933.0	2183.0	2498.0	5053.0	6634.0	5612.0	5684.0	5813.0	6323.0	6766.0	7728.0	8589.0	8622.0	9228.0	10189.0	10831.0	11947.0	14148.0	17108.0	21991.0	28270.0	25241.0	21569.0	19694.0	19803.0	19794.0	20327.0	20870.0	21771.0	22524.0	23227.0	24436.0	25815.0	27686.0	31316.0	36107.0	49378.0	92373.0	344315.0	2069707.0
lane7-s608-index--CGCTCATT-GCCTCTAT-Mock-3-rd2-QIAseqFX_S608_L007_R2_001	783.0	971.0	1145.0	1371.0	1563.0	1843.0	2109.0	2480.0	2830.0	5845.0	8059.0	6299.0	6299.0	6322.0	6831.0	7243.0	8526.0	8804.0	9032.0	9542.0	10437.0	10673.0	11674.0	13597.0	16283.0	19688.0	22753.0	20826.0	18377.0	17232.0	17223.0	17785.0	18013.0	18544.0	18855.0	19506.0	20084.0	20656.0	22040.0	23708.0	26065.0	30578.0	41525.0	75478.0	278580.0	1626315.0
lane7-s609-index--CGCTCATT-AGGATAGG-Mock-4-rd2-QIAseqFX_S609_L007_R2_001	352.0	400.0	491.0	585.0	706.0	892.0	1079.0	1340.0	1559.0	3469.0	4506.0	3837.0	3900.0	3948.0	4581.0	5006.0	5759.0	6409.0	6682.0	7177.0	7967.0	8372.0	9512.0	11183.0	13266.0	16240.0	20313.0	19101.0	17178.0	15875.0	16072.0	16654.0	17115.0	17457.0	18147.0	18776.0	19187.0	20534.0	22041.0	24094.0	26769.0	31713.0	43543.0	81888.0	308331.0	1833785.0
lane7-s610-index--CGCTCATT-TCAGAGCC-Mock-5-QIAseqFX_S610_L007_R2_001	982.0	1172.0	1419.0	1557.0	1807.0	2086.0	2349.0	2720.0	3127.0	4493.0	5263.0	5132.0	5624.0	5743.0	6563.0	7016.0	7755.0	8217.0	8788.0	9533.0	10429.0	10892.0	11809.0	13355.0	15426.0	18777.0	24631.0	22575.0	19823.0	18346.0	18415.0	18808.0	19511.0	19441.0	20077.0	20823.0	21586.0	22447.0	23747.0	25308.0	27540.0	31132.0	41390.0	74465.0	277595.0	1688328.0
lane7-s611-index--TTGGAATG-ATAGAGAG-YZ5-1-plexWell96-1_S611_L007_R2_001	790.0	904.0	945.0	1053.0	1154.0	1181.0	1297.0	1333.0	1366.0	1429.0	1436.0	1494.0	1606.0	1633.0	1640.0	1718.0	1802.0	1834.0	1856.0	1908.0	2000.0	2024.0	2141.0	2132.0	2312.0	2214.0	2283.0	2329.0	2337.0	2513.0	2492.0	2539.0	2645.0	2763.0	2801.0	2841.0	2999.0	3158.0	3322.0	3562.0	3939.0	4769.0	6344.0	11643.0	41849.0	225043.0
lane7-s612-index--GGGACAAC-ATAGAGAG-YZ5-2-plexWell96-2_S612_L007_R2_001	1026.0	1132.0	1206.0	1370.0	1445.0	1506.0	1660.0	1660.0	1776.0	1803.0	1868.0	1923.0	2049.0	2026.0	2106.0	2160.0	2210.0	2325.0	2287.0	2500.0	2457.0	2474.0	2616.0	2708.0	2773.0	2795.0	2900.0	2983.0	3072.0	3097.0	3111.0	3243.0	3421.0	3381.0	3524.0	3596.0	3670.0	3882.0	4198.0	4528.0	4969.0	5768.0	7539.0	14343.0	51855.0	285176.0
lane7-s613-index--GCTGGATC-ATAGAGAG-YZ5-3-plexWell96-3_S613_L007_R2_001	1169.0	1392.0	1429.0	1596.0	1693.0	1751.0	1876.0	1924.0	1945.0	2083.0	2103.0	2220.0	2250.0	2322.0	2515.0	2432.0	2554.0	2646.0	2838.0	2879.0	2788.0	2920.0	3015.0	3062.0	3143.0	3176.0	3319.0	3344.0	3376.0	3559.0	3696.0	3704.0	3826.0	4042.0	4213.0	4281.0	4298.0	4501.0	4897.0	5154.0	5900.0	6882.0	9294.0	17247.0	63579.0	348992.0
lane7-s614-index--ACACTCAA-ATAGAGAG-YZ5-4-plexWell96-4_S614_L007_R2_001	670.0	718.0	819.0	859.0	889.0	988.0	1024.0	1031.0	1102.0	1136.0	1145.0	1216.0	1231.0	1308.0	1328.0	1468.0	1394.0	1387.0	1549.0	1497.0	1532.0	1530.0	1571.0	1661.0	1739.0	1744.0	1810.0	1759.0	1854.0	1862.0	1916.0	1907.0	2056.0	2127.0	2141.0	2278.0	2247.0	2322.0	2409.0	2731.0	2982.0	3320.0	4647.0	8809.0	31372.0	168176.0
lane7-s615-index--ACTAGCTA-ATAGAGAG-YZ5-5-plexWell96-5_S615_L007_R2_001	1319.0	1365.0	1414.0	1655.0	1700.0	1725.0	1816.0	1895.0	1963.0	2043.0	2134.0	2088.0	2282.0	2292.0	2336.0	2391.0	2420.0	2633.0	2543.0	2601.0	2661.0	2798.0	2817.0	2998.0	3007.0	2939.0	3065.0	3171.0	3310.0	3312.0	3384.0	3527.0	3541.0	3752.0	3799.0	3904.0	4048.0	4201.0	4485.0	4856.0	5269.0	6326.0	8680.0	16612.0	58787.0	318197.0
lane7-s616-index--GATGATTG-ATAGAGAG-ACR-134-1-plexWell96-6_S616_L007_R2_001	364.0	405.0	438.0	496.0	557.0	609.0	670.0	677.0	734.0	807.0	818.0	786.0	924.0	995.0	981.0	1030.0	1068.0	1089.0	1139.0	1173.0	1189.0	1231.0	1269.0	1334.0	1354.0	1443.0	1541.0	1596.0	1538.0	1647.0	1721.0	1767.0	1771.0	2060.0	2084.0	2104.0	2286.0	2396.0	2561.0	2886.0	3401.0	4085.0	5461.0	9419.0	27163.0	130818.0
lane7-s617-index--GCAATCTT-ATAGAGAG-ACR-134-2-plexWell96-7_S617_L007_R2_001	275.0	353.0	382.0	437.0	456.0	486.0	504.0	522.0	581.0	618.0	610.0	695.0	768.0	788.0	754.0	742.0	935.0	882.0	848.0	924.0	969.0	992.0	1033.0	1129.0	1151.0	1221.0	1173.0	1306.0	1400.0	1353.0	1361.0	1464.0	1550.0	1822.0	1750.0	1730.0	1985.0	2186.0	2394.0	2772.0	2996.0	3827.0	5139.0	8673.0	26324.0	133944.0
lane7-s618-index--AGAGTGTC-ATAGAGAG-ACR-134-3-plexWell96-8_S618_L007_R2_001	76.0	117.0	113.0	122.0	138.0	145.0	162.0	185.0	151.0	185.0	232.0	228.0	239.0	211.0	275.0	268.0	316.0	308.0	319.0	348.0	379.0	313.0	369.0	354.0	403.0	390.0	417.0	459.0	494.0	440.0	495.0	464.0	476.0	548.0	565.0	584.0	623.0	659.0	711.0	778.0	922.0	1069.0	1379.0	2501.0	7561.0	39071.0
lane7-s619-index--TTAATGCG-ATAGAGAG-ACR-134-4-plexWell96-9_S619_L007_R2_001	213.0	247.0	291.0	321.0	387.0	376.0	417.0	466.0	468.0	489.0	572.0	552.0	623.0	643.0	650.0	636.0	749.0	718.0	785.0	784.0	849.0	833.0	880.0	882.0	885.0	965.0	994.0	1024.0	1106.0	1076.0	1086.0	1140.0	1129.0	1380.0	1329.0	1395.0	1398.0	1610.0	1660.0	1890.0	2140.0	2608.0	3439.0	5625.0	16613.0	74410.0
lane7-s620-index--TCCTATAT-ATAGAGAG-ACR-134-5-plexWell96-10_S620_L007_R2_001	418.0	523.0	559.0	682.0	686.0	734.0	776.0	826.0	854.0	886.0	891.0	978.0	1117.0	1118.0	1158.0	1192.0	1287.0	1240.0	1301.0	1286.0	1380.0	1423.0	1534.0	1512.0	1561.0	1637.0	1765.0	1868.0	1905.0	1808.0	2017.0	2087.0	2118.0	2546.0	2348.0	2555.0	2662.0	3012.0	3129.0	3781.0	4259.0	5377.0	7408.0	12890.0	36889.0	179250.0
lane7-s621-index--CCATATCC-ATAGAGAG-SHI-Plate1-A1-1-plexWell96-11_S621_L007_R2_001	2092.0	2148.0	2200.0	2365.0	2312.0	2419.0	2482.0	2601.0	2525.0	2589.0	2639.0	2645.0	2740.0	2815.0	2909.0	2962.0	3039.0	3109.0	3150.0	3298.0	3404.0	3547.0	3452.0	3690.0	3779.0	3752.0	3907.0	4123.0	4169.0	4277.0	4395.0	4695.0	4750.0	5139.0	5264.0	5646.0	5752.0	6284.0	7016.0	7887.0	9194.0	12086.0	18089.0	36182.0	129157.0	630139.0
lane7-s622-index--AGCCGACG-ATAGAGAG-SHI-Plate1-A1-2-plexWell96-12_S622_L007_R2_001	581.0	743.0	698.0	717.0	735.0	748.0	865.0	859.0	919.0	926.0	943.0	1022.0	1088.0	1088.0	1134.0	1133.0	1170.0	1251.0	1342.0	1363.0	1335.0	1376.0	1393.0	1459.0	1564.0	1589.0	1514.0	1584.0	1679.0	1822.0	1869.0	1781.0	1851.0	2014.0	2286.0	2278.0	2245.0	2392.0	2792.0	3139.0	3619.0	4465.0	6694.0	13407.0	45257.0	206172.0
lane7-s623-index--CGAATTCA-ATAGAGAG-SHI-Plate1-A1-3-plexWell96-13_S623_L007_R2_001	1108.0	1181.0	1170.0	1241.0	1245.0	1272.0	1337.0	1361.0	1389.0	1526.0	1475.0	1458.0	1649.0	1592.0	1640.0	1712.0	1726.0	1758.0	1786.0	1812.0	1911.0	1875.0	2012.0	2080.0	2140.0	2267.0	2256.0	2371.0	2401.0	2474.0	2579.0	2677.0	2847.0	2947.0	3201.0	3236.0	3501.0	3862.0	4253.0	5007.0	6026.0	7853.0	12015.0	23805.0	80960.0	376759.0
lane7-s624-index--GTCAGACC-ATAGAGAG-SHI-Plate1-A1-4-plexWell96-14_S624_L007_R2_001	1434.0	1488.0	1587.0	1651.0	1698.0	1726.0	1760.0	1803.0	1858.0	1986.0	2020.0	2007.0	2055.0	2184.0	2278.0	2415.0	2454.0	2419.0	2589.0	2639.0	2655.0	2759.0	2931.0	3013.0	3044.0	3159.0	3247.0	3275.0	3369.0	3520.0	3682.0	3856.0	3896.0	4174.0	4398.0	4647.0	4755.0	5107.0	5832.0	6701.0	7814.0	10765.0	15678.0	31182.0	109463.0	519923.0
lane7-s625-index--CATTGCCT-ATAGAGAG-SHI-Plate1-A1-5-plexWell96-15_S625_L007_R2_001	1286.0	1236.0	1266.0	1347.0	1366.0	1393.0	1375.0	1413.0	1454.0	1548.0	1534.0	1535.0	1674.0	1676.0	1743.0	1769.0	1787.0	1805.0	1774.0	1901.0	1978.0	2006.0	2089.0	2162.0	2194.0	2330.0	2347.0	2370.0	2404.0	2485.0	2621.0	2751.0	2752.0	3002.0	3282.0	3290.0	3481.0	3828.0	4292.0	4879.0	6097.0	7982.0	12056.0	24471.0	85122.0	405765.0
lane7-s626-index--TAACCGCA-ATAGAGAG-Mock-1-plexWell96-16_S626_L007_R2_001	1158.0	1317.0	1389.0	1526.0	1543.0	1604.0	1677.0	1811.0	1883.0	2001.0	2048.0	2055.0	2136.0	2216.0	2382.0	2423.0	2496.0	2543.0	2677.0	2682.0	2867.0	2871.0	3108.0	3009.0	3172.0	3275.0	3334.0	3486.0	3497.0	3668.0	3699.0	3874.0	3934.0	4132.0	4260.0	4309.0	4569.0	4680.0	5165.0	5681.0	6403.0	7640.0	10697.0	20629.0	78470.0	444306.0
lane7-s627-index--GCGCGAAG-ATAGAGAG-Mock-2-plexWell96-17_S627_L007_R2_001	507.0	564.0	632.0	651.0	736.0	772.0	816.0	899.0	900.0	952.0	960.0	1024.0	1095.0	1113.0	1162.0	1191.0	1251.0	1286.0	1351.0	1373.0	1407.0	1448.0	1467.0	1531.0	1552.0	1575.0	1709.0	1690.0	1778.0	1748.0	1878.0	1939.0	1903.0	2024.0	2041.0	2170.0	2212.0	2385.0	2531.0	2748.0	3088.0	3960.0	5589.0	10567.0	39288.0	200440.0
lane7-s628-index--AACACGTG-ATAGAGAG-Mock-3-plexWell96-18_S628_L007_R2_001	1288.0	1496.0	1626.0	1795.0	1873.0	1986.0	2178.0	2373.0	2511.0	2604.0	2585.0	2656.0	2871.0	3028.0	3256.0	3183.0	3339.0	3476.0	3732.0	3805.0	3886.0	3953.0	4071.0	4232.0	4388.0	4537.0	4623.0	4808.0	4909.0	5025.0	5053.0	5251.0	5519.0	5717.0	5933.0	6144.0	6436.0	6618.0	7124.0	7608.0	8723.0	10133.0	13832.0	26701.0	101751.0	565285.0
lane7-s629-index--GTAGTCAC-ATAGAGAG-Mock-4-plexWell96-19_S629_L007_R2_001	971.0	1111.0	1201.0	1325.0	1555.0	1578.0	1662.0	1854.0	1809.0	2031.0	2011.0	2218.0	2304.0	2450.0	2529.0	2556.0	2581.0	2785.0	2853.0	2945.0	3034.0	3175.0	3227.0	3369.0	3495.0	3581.0	3667.0	3747.0	3969.0	4053.0	4062.0	4344.0	4478.0	4580.0	4793.0	4964.0	5247.0	5632.0	5766.0	6504.0	7138.0	8533.0	11517.0	21346.0	78844.0	445222.0
lane7-s630-index--GAGTTCTC-ATAGAGAG-Mock-5-plexWell96-20_S630_L007_R2_001	2288.0	2623.0	2733.0	3030.0	3123.0	3188.0	3468.0	3756.0	3905.0	4126.0	4224.0	4464.0	4504.0	4833.0	5040.0	5073.0	5340.0	5508.0	5705.0	5942.0	5895.0	6248.0	6345.0	6630.0	6905.0	7086.0	7251.0	7444.0	7707.0	7980.0	8254.0	8394.0	8961.0	9180.0	9604.0	9744.0	10498.0	11110.0	12265.0	13665.0	15588.0	19816.0	28546.0	56536.0	216478.0	1197743.0
lane7-s631-index--GTGAGGAA-ATAGAGAG-YZ5-1-plexWell96-21_S631_L007_R2_001	928.0	1078.0	1182.0	1222.0	1369.0	1342.0	1437.0	1559.0	1601.0	1627.0	1613.0	1725.0	1705.0	1896.0	1916.0	1903.0	1952.0	2123.0	2105.0	2127.0	2197.0	2237.0	2302.0	2415.0	2389.0	2456.0	2460.0	2585.0	2755.0	2750.0	2769.0	2832.0	3013.0	2996.0	3080.0	3240.0	3280.0	3493.0	3776.0	4122.0	4597.0	5354.0	7301.0	13714.0	48281.0	243735.0
lane7-s632-index--GATTCGTA-ATAGAGAG-YZ5-2-plexWell96-22_S632_L007_R2_001	1105.0	1272.0	1193.0	1425.0	1471.0	1539.0	1728.0	1790.0	1840.0	1872.0	1885.0	1950.0	2014.0	2190.0	2218.0	2308.0	2313.0	2331.0	2424.0	2442.0	2524.0	2614.0	2705.0	2848.0	2757.0	2812.0	2950.0	3056.0	3001.0	3214.0	3376.0	3180.0	3332.0	3464.0	3555.0	3778.0	3855.0	4032.0	4247.0	4648.0	5090.0	5884.0	8126.0	15692.0	54862.0	302934.0
lane7-s633-index--GATGCAAT-ATAGAGAG-YZ5-3-plexWell96-23_S633_L007_R2_001	1285.0	1446.0	1503.0	1789.0	1793.0	1951.0	1978.0	2130.0	2174.0	2269.0	2318.0	2406.0	2480.0	2625.0	2696.0	2832.0	2898.0	2879.0	2991.0	3144.0	3060.0	3213.0	3209.0	3500.0	3499.0	3483.0	3607.0	3684.0	3675.0	3879.0	4008.0	4096.0	4199.0	4429.0	4507.0	4784.0	4854.0	5124.0	5337.0	5710.0	6521.0	7564.0	10254.0	19118.0	67067.0	374841.0
lane7-s634-index--ACACGGTT-ATAGAGAG-YZ5-4-plexWell96-24_S634_L007_R2_001	1157.0	1277.0	1400.0	1516.0	1584.0	1692.0	1843.0	1881.0	1877.0	1996.0	2049.0	2063.0	2297.0	2239.0	2345.0	2436.0	2493.0	2550.0	2653.0	2813.0	2702.0	2760.0	2838.0	3047.0	3169.0	3200.0	3203.0	3278.0	3424.0	3537.0	3647.0	3714.0	3836.0	3926.0	4121.0	4220.0	4386.0	4567.0	4652.0	5106.0	5745.0	6556.0	8561.0	16021.0	58883.0	340260.0
lane7-s635-index--GAGGCTGC-ATAGAGAG-YZ5-5-plexWell96-25_S635_L007_R2_001	2174.0	2304.0	2495.0	2722.0	2921.0	2979.0	3119.0	3166.0	3375.0	3531.0	3550.0	3737.0	3846.0	4109.0	4070.0	4272.0	4203.0	4371.0	4569.0	4639.0	4775.0	4914.0	4876.0	4959.0	5181.0	5368.0	5341.0	5603.0	5708.0	5826.0	5939.0	6071.0	6063.0	6548.0	6589.0	6791.0	7003.0	7310.0	7569.0	8348.0	9253.0	10739.0	14316.0	26958.0	98215.0	542264.0
lane7-s636-index--ACAGTTCG-ATAGAGAG-ACR-134-1-plexWell96-26_S636_L007_R2_001	261.0	296.0	379.0	376.0	461.0	499.0	486.0	580.0	613.0	657.0	670.0	733.0	767.0	743.0	836.0	897.0	930.0	903.0	984.0	960.0	956.0	1079.0	1046.0	1175.0	1175.0	1098.0	1230.0	1276.0	1323.0	1357.0	1419.0	1471.0	1456.0	1614.0	1660.0	1801.0	1882.0	2058.0	2369.0	2617.0	2924.0	3629.0	4994.0	8503.0	25108.0	118381.0
lane7-s637-index--CGGAGATA-ATAGAGAG-ACR-134-2-plexWell96-27_S637_L007_R2_001	238.0	273.0	326.0	363.0	422.0	442.0	495.0	502.0	576.0	593.0	629.0	681.0	755.0	780.0	784.0	862.0	850.0	933.0	912.0	998.0	1027.0	1054.0	1154.0	1120.0	1178.0	1190.0	1259.0	1323.0	1313.0	1382.0	1417.0	1467.0	1630.0	1726.0	1706.0	1894.0	2060.0	2165.0	2394.0	2484.0	2955.0	3612.0	4821.0	8148.0	22637.0	108863.0
lane7-s638-index--TCGCCAGC-ATAGAGAG-ACR-134-3-plexWell96-28_S638_L007_R2_001	390.0	488.0	522.0	604.0	698.0	677.0	743.0	759.0	843.0	861.0	955.0	995.0	1064.0	1100.0	1127.0	1077.0	1253.0	1280.0	1278.0	1323.0	1322.0	1409.0	1511.0	1518.0	1546.0	1567.0	1618.0	1763.0	1732.0	1779.0	1914.0	1961.0	2139.0	2394.0	2330.0	2228.0	2520.0	2752.0	2900.0	3296.0	3757.0	4524.0	6228.0	10271.0	30015.0	149723.0
lane7-s639-index--TGCACTGT-ATAGAGAG-ACR-134-4-plexWell96-29_S639_L007_R2_001	216.0	247.0	283.0	365.0	341.0	370.0	417.0	386.0	454.0	460.0	458.0	520.0	606.0	604.0	593.0	614.0	650.0	638.0	726.0	748.0	714.0	775.0	786.0	831.0	808.0	906.0	862.0	955.0	984.0	966.0	1007.0	1073.0	1070.0	1239.0	1149.0	1159.0	1306.0	1484.0	1492.0	1654.0	1909.0	2286.0	3052.0	4914.0	14901.0	72008.0
lane7-s640-index--GTACGCGA-ATAGAGAG-ACR-134-5-plexWell96-30_S640_L007_R2_001	552.0	637.0	722.0	861.0	944.0	945.0	1038.0	1110.0	1195.0	1254.0	1239.0	1319.0	1431.0	1532.0	1553.0	1476.0	1657.0	1634.0	1782.0	1780.0	1962.0	1905.0	1952.0	1982.0	2096.0	2171.0	2280.0	2488.0	2443.0	2570.0	2579.0	2768.0	2796.0	3440.0	3271.0	3389.0	3627.0	3955.0	4410.0	5050.0	5693.0	7122.0	9920.0	17120.0	50152.0	246771.0
lane7-s641-index--CTATCCGG-ATAGAGAG-SHI-Plate1-A1-1-plexWell96-31_S641_L007_R2_001	2052.0	2240.0	2222.0	2327.0	2515.0	2469.0	2616.0	2651.0	2835.0	2849.0	3063.0	3020.0	3120.0	3275.0	3280.0	3454.0	3559.0	3757.0	3812.0	3993.0	3931.0	4097.0	4220.0	4380.0	4543.0	4609.0	4693.0	5041.0	5041.0	5322.0	5533.0	5759.0	5886.0	6294.0	6653.0	6979.0	7369.0	7874.0	8720.0	10132.0	11999.0	15833.0	23395.0	47153.0	167124.0	799484.0
lane7-s642-index--CTTAGAGT-ATAGAGAG-SHI-Plate1-A1-2-plexWell96-32_S642_L007_R2_001	1911.0	2047.0	2114.0	2189.0	2206.0	2297.0	2345.0	2455.0	2590.0	2538.0	2642.0	2627.0	2852.0	2944.0	2905.0	3122.0	3213.0	3222.0	3201.0	3374.0	3459.0	3552.0	3718.0	3773.0	3975.0	4046.0	4095.0	4372.0	4434.0	4698.0	4806.0	5117.0	5222.0	5524.0	5876.0	6243.0	6584.0	7095.0	8020.0	9243.0	11228.0	14542.0	21720.0	43778.0	152855.0	728699.0
lane7-s643-index--CAAGGACC-ATAGAGAG-SHI-Plate1-A1-3-plexWell96-33_S643_L007_R2_001	2832.0	2876.0	2988.0	3118.0	3127.0	3200.0	3375.0	3316.0	3448.0	3521.0	3703.0	3713.0	3845.0	3928.0	4037.0	4094.0	4205.0	4300.0	4457.0	4513.0	4747.0	4720.0	4947.0	5039.0	5075.0	5367.0	5432.0	5585.0	5779.0	5865.0	6090.0	6304.0	6603.0	6824.0	7006.0	7254.0	7754.0	8481.0	9100.0	10252.0	12136.0	15023.0	22073.0	43947.0	160658.0	814274.0
lane7-s644-index--AGACAGAG-ATAGAGAG-SHI-Plate1-A1-4-plexWell96-34_S644_L007_R2_001	195.0	181.0	239.0	247.0	231.0	244.0	246.0	286.0	240.0	313.0	319.0	306.0	317.0	343.0	350.0	338.0	364.0	387.0	415.0	405.0	418.0	400.0	451.0	407.0	487.0	466.0	459.0	493.0	469.0	552.0	525.0	564.0	525.0	613.0	592.0	629.0	602.0	641.0	697.0	724.0	795.0	884.0	1187.0	2142.0	7813.0	37715.0
lane7-s645-index--TCGGATCA-ATAGAGAG-SHI-Plate1-A1-5-plexWell96-35_S645_L007_R2_001	556.0	603.0	666.0	695.0	701.0	700.0	751.0	737.0	732.0	818.0	836.0	748.0	880.0	910.0	910.0	922.0	973.0	964.0	1049.0	1021.0	985.0	1128.0	1138.0	1133.0	1224.0	1231.0	1230.0	1233.0	1334.0	1381.0	1427.0	1540.0	1519.0	1619.0	1658.0	1831.0	1887.0	2052.0	2324.0	2615.0	3401.0	4378.0	6661.0	13116.0	44886.0	204131.0
lane7-s646-index--TAATGGAC-ATAGAGAG-Mock-1-plexWell96-36_S646_L007_R2_001	942.0	1039.0	1125.0	1202.0	1262.0	1419.0	1387.0	1491.0	1554.0	1640.0	1703.0	1802.0	1846.0	1972.0	1942.0	1995.0	2121.0	2237.0	2427.0	2393.0	2354.0	2562.0	2542.0	2609.0	2656.0	2882.0	2850.0	2937.0	3106.0	3212.0	3249.0	3391.0	3444.0	3624.0	3875.0	3889.0	3932.0	4319.0	4563.0	5024.0	5704.0	6791.0	9823.0	18818.0	68383.0	375389.0
lane7-s647-index--TAGCAACT-ATAGAGAG-Mock-2-plexWell96-37_S647_L007_R2_001	1066.0	1101.0	1189.0	1375.0	1373.0	1484.0	1501.0	1595.0	1780.0	1849.0	1892.0	2008.0	2108.0	2107.0	2193.0	2224.0	2386.0	2361.0	2568.0	2483.0	2641.0	2770.0	2843.0	2945.0	3050.0	3137.0	3124.0	3262.0	3370.0	3467.0	3627.0	3664.0	3900.0	4055.0	4103.0	4390.0	4550.0	4782.0	5251.0	5704.0	6600.0	8189.0	11424.0	22060.0	80768.0	448625.0
lane7-s648-index--ATAGCACA-ATAGAGAG-Mock-3-plexWell96-38_S648_L007_R2_001	789.0	852.0	906.0	1010.0	1003.0	1112.0	1179.0	1257.0	1332.0	1341.0	1443.0	1439.0	1514.0	1592.0	1693.0	1691.0	1712.0	1749.0	1902.0	1898.0	1966.0	2021.0	2071.0	2170.0	2167.0	2280.0	2375.0	2312.0	2501.0	2504.0	2695.0	2690.0	2782.0	2828.0	2895.0	3266.0	3301.0	3421.0	3665.0	4046.0	4672.0	5774.0	8193.0	15902.0	59572.0	323836.0
lane7-s649-index--ATCAACCG-ATAGAGAG-Mock-4-plexWell96-39_S649_L007_R2_001	753.0	896.0	927.0	950.0	1078.0	1146.0	1251.0	1329.0	1358.0	1417.0	1458.0	1589.0	1675.0	1647.0	1755.0	1831.0	1832.0	1932.0	1965.0	2069.0	2120.0	2152.0	2248.0	2295.0	2509.0	2432.0	2521.0	2534.0	2616.0	2732.0	2780.0	2906.0	2838.0	3001.0	3139.0	3147.0	3333.0	3439.0	3798.0	3989.0	4502.0	5277.0	7180.0	12846.0	45990.0	245147.0
lane7-s650-index--TTCCTCAT-ATAGAGAG-Mock-5-plexWell96-40_S650_L007_R2_001	2416.0	2467.0	2788.0	2964.0	3155.0	3409.0	3452.0	3605.0	3806.0	4102.0	4181.0	4149.0	4439.0	4659.0	4694.0	5034.0	4855.0	5192.0	5404.0	5617.0	5649.0	5870.0	5744.0	6119.0	6400.0	6688.0	6786.0	6875.0	7006.0	7334.0	7518.0	7769.0	8259.0	8331.0	8693.0	9024.0	9887.0	10312.0	11283.0	12528.0	14695.0	18564.0	27985.0	55439.0	200413.0	1069644.0
lane7-s651-index--AGCTACGT-ATAGAGAG-YZ5-1-plexWell96-41_S651_L007_R2_001	578.0	624.0	735.0	837.0	840.0	934.0	971.0	1036.0	1075.0	1177.0	1221.0	1277.0	1291.0	1447.0	1372.0	1434.0	1530.0	1524.0	1631.0	1688.0	1762.0	1824.0	1821.0	1865.0	1966.0	2032.0	2095.0	2033.0	2184.0	2333.0	2265.0	2275.0	2408.0	2637.0	2662.0	2717.0	2811.0	2894.0	3016.0	3201.0	3636.0	4184.0	5542.0	9995.0	35912.0	198300.0
lane7-s652-index--ATTCCATC-ATAGAGAG-YZ5-2-plexWell96-42_S652_L007_R2_001	930.0	1021.0	1036.0	1224.0	1241.0	1308.0	1272.0	1416.0	1522.0	1534.0	1625.0	1555.0	1736.0	1741.0	1713.0	1802.0	1873.0	1855.0	1987.0	2008.0	2049.0	2100.0	2225.0	2213.0	2241.0	2410.0	2492.0	2572.0	2530.0	2665.0	2590.0	2651.0	2809.0	2841.0	2978.0	3081.0	3107.0	3329.0	3504.0	3824.0	4244.0	4941.0	6595.0	12842.0	46097.0	255304.0
lane7-s653-index--GTTGTAGG-ATAGAGAG-YZ5-3-plexWell96-43_S653_L007_R2_001	896.0	935.0	1059.0	1124.0	1244.0	1310.0	1409.0	1410.0	1556.0	1590.0	1699.0	1721.0	1799.0	1942.0	1943.0	2012.0	1991.0	2081.0	2090.0	2309.0	2341.0	2388.0	2461.0	2506.0	2617.0	2546.0	2585.0	2699.0	2758.0	2868.0	2982.0	2981.0	3034.0	3187.0	3273.0	3386.0	3524.0	3613.0	3752.0	4144.0	4616.0	5341.0	7433.0	13889.0	47872.0	239019.0
lane7-s654-index--TGTGACTA-ATAGAGAG-YZ5-4-plexWell96-44_S654_L007_R2_001	891.0	1005.0	1051.0	1227.0	1294.0	1352.0	1343.0	1509.0	1534.0	1616.0	1721.0	1751.0	1799.0	1849.0	1822.0	1971.0	1977.0	2161.0	2198.0	2204.0	2204.0	2340.0	2348.0	2441.0	2399.0	2491.0	2520.0	2660.0	2713.0	2751.0	2893.0	2965.0	2864.0	3132.0	3278.0	3333.0	3297.0	3495.0	3638.0	3993.0	4515.0	5388.0	7081.0	13299.0	45886.0	253722.0
lane7-s655-index--CGAAACGC-ATAGAGAG-YZ5-5-plexWell96-45_S655_L007_R2_001	1437.0	1618.0	1749.0	1918.0	1943.0	2057.0	2182.0	2247.0	2350.0	2395.0	2531.0	2592.0	2515.0	2808.0	2748.0	2832.0	2963.0	3030.0	3053.0	3218.0	3284.0	3299.0	3359.0	3497.0	3647.0	3519.0	3687.0	3829.0	3878.0	4017.0	4167.0	4157.0	4255.0	4360.0	4562.0	4676.0	4862.0	4946.0	5313.0	5593.0	6234.0	7353.0	9897.0	18527.0	68151.0	384062.0
lane7-s656-index--GTGTGATT-ATAGAGAG-ACR-134-1-plexWell96-46_S656_L007_R2_001	372.0	478.0	498.0	626.0	671.0	636.0	723.0	777.0	821.0	816.0	903.0	961.0	1029.0	1066.0	1053.0	1077.0	1172.0	1224.0	1186.0	1278.0	1247.0	1369.0	1430.0	1387.0	1516.0	1487.0	1703.0	1800.0	1792.0	1736.0	1894.0	1939.0	2070.0	2351.0	2274.0	2159.0	2530.0	2814.0	2995.0	3333.0	3826.0	4757.0	6448.0	10824.0	31852.0	157351.0
lane7-s657-index--AGGCTGGA-ATAGAGAG-ACR-134-2-plexWell96-47_S657_L007_R2_001	91.0	90.0	118.0	135.0	138.0	166.0	167.0	160.0	196.0	202.0	211.0	216.0	247.0	277.0	295.0	266.0	289.0	302.0	294.0	340.0	339.0	314.0	371.0	337.0	384.0	422.0	396.0	427.0	438.0	443.0	426.0	450.0	515.0	515.0	537.0	485.0	627.0	638.0	651.0	744.0	813.0	1106.0	1277.0	2185.0	6751.0	31352.0
lane7-s658-index--CGTGCTGG-ATAGAGAG-ACR-134-3-plexWell96-48_S658_L007_R2_001	347.0	463.0	498.0	583.0	638.0	683.0	739.0	790.0	884.0	870.0	1006.0	1019.0	1092.0	1151.0	1147.0	1173.0	1230.0	1207.0	1350.0	1437.0	1389.0	1459.0	1607.0	1567.0	1664.0	1628.0	1748.0	1869.0	1954.0	2048.0	2105.0	2147.0	2207.0	2460.0	2507.0	2665.0	2821.0	3141.0	3339.0	3719.0	4336.0	5413.0	7204.0	12332.0	36194.0	171107.0
lane7-s659-index--AATAGGAT-ATAGAGAG-ACR-134-4-plexWell96-49_S659_L007_R2_001	208.0	263.0	343.0	382.0	397.0	447.0	449.0	538.0	562.0	561.0	632.0	674.0	690.0	712.0	767.0	742.0	829.0	869.0	858.0	935.0	887.0	912.0	1004.0	992.0	1026.0	1043.0	1129.0	1221.0	1184.0	1191.0	1253.0	1338.0	1363.0	1536.0	1507.0	1544.0	1664.0	1743.0	1958.0	2242.0	2392.0	2896.0	3838.0	6475.0	19476.0	97986.0
lane7-s660-index--CGTCTGCC-ATAGAGAG-ACR-134-5-plexWell96-50_S660_L007_R2_001	399.0	481.0	626.0	601.0	706.0	696.0	746.0	805.0	946.0	949.0	961.0	965.0	1147.0	1214.0	1240.0	1221.0	1314.0	1285.0	1349.0	1379.0	1364.0	1418.0	1453.0	1507.0	1597.0	1652.0	1734.0	1924.0	1940.0	1847.0	1956.0	2205.0	2158.0	2665.0	2437.0	2617.0	2725.0	3096.0	3403.0	3720.0	4282.0	5422.0	7406.0	12791.0	37619.0	180210.0
lane7-s661-index--GAATCTAG-ATAGAGAG-SHI-Plate1-A1-1-plexWell96-51_S661_L007_R2_001	1593.0	1618.0	1684.0	1790.0	1891.0	1844.0	1912.0	2055.0	2100.0	2152.0	2241.0	2232.0	2309.0	2434.0	2483.0	2488.0	2562.0	2608.0	2780.0	2768.0	2921.0	2999.0	3047.0	3149.0	3378.0	3394.0	3481.0	3658.0	3675.0	3826.0	3951.0	4102.0	4246.0	4462.0	4664.0	4958.0	5280.0	5626.0	6171.0	7200.0	8478.0	10943.0	16525.0	31975.0	113176.0	545404.0
lane7-s662-index--ATGCGTCA-ATAGAGAG-SHI-Plate1-A1-2-plexWell96-52_S662_L007_R2_001	1404.0	1390.0	1495.0	1570.0	1656.0	1658.0	1691.0	1680.0	1795.0	1810.0	1903.0	1877.0	1971.0	1982.0	2130.0	2132.0	2218.0	2422.0	2309.0	2459.0	2572.0	2588.0	2640.0	2757.0	2841.0	2864.0	2925.0	2984.0	3117.0	3300.0	3319.0	3457.0	3531.0	3944.0	4106.0	4296.0	4446.0	4876.0	5469.0	6177.0	7487.0	9750.0	14823.0	29108.0	102805.0	493314.0
lane7-s663-index--GCAAGTAC-ATAGAGAG-SHI-Plate1-A1-3-plexWell96-53_S663_L007_R2_001	1905.0	1954.0	1979.0	2087.0	2247.0	2207.0	2300.0	2274.0	2448.0	2430.0	2573.0	2631.0	2720.0	2741.0	2864.0	2903.0	2912.0	3019.0	3138.0	3329.0	3441.0	3510.0	3588.0	3738.0	3781.0	3887.0	4067.0	4213.0	4310.0	4666.0	4597.0	4844.0	5022.0	5227.0	5618.0	5832.0	6250.0	6661.0	7464.0	8666.0	10300.0	13607.0	20143.0	39615.0	140900.0	687142.0
lane7-s664-index--ACTGACCT-ATAGAGAG-SHI-Plate1-A1-4-plexWell96-54_S664_L007_R2_001	1103.0	1151.0	1196.0	1251.0	1239.0	1289.0	1351.0	1334.0	1358.0	1374.0	1531.0	1521.0	1588.0	1569.0	1660.0	1741.0	1726.0	1785.0	1913.0	1891.0	1950.0	1984.0	2027.0	2089.0	2339.0	2272.0	2328.0	2446.0	2412.0	2518.0	2628.0	2789.0	2859.0	2959.0	3151.0	3373.0	3597.0	3843.0	4169.0	4953.0	5959.0	7639.0	11621.0	22862.0	80753.0	395396.0
lane7-s665-index--GAAGACCA-ATAGAGAG-SHI-Plate1-A1-5-plexWell96-55_S665_L007_R2_001	2155.0	2196.0	2378.0	2390.0	2542.0	2564.0	2492.0	2528.0	2736.0	2786.0	2732.0	2831.0	2885.0	3048.0	3080.0	3104.0	3089.0	3121.0	3364.0	3389.0	3513.0	3703.0	3614.0	3695.0	3926.0	4025.0	4056.0	4338.0	4345.0	4549.0	4774.0	4898.0	4937.0	5258.0	5542.0	5876.0	6195.0	6661.0	7427.0	8622.0	10487.0	13586.0	20819.0	40953.0	146195.0	709409.0
lane7-s666-index--CAGAAGCG-ATAGAGAG-Mock-1-plexWell96-56_S666_L007_R2_001	1122.0	1212.0	1340.0	1517.0	1541.0	1663.0	1835.0	1911.0	2025.0	2171.0	2279.0	2232.0	2378.0	2473.0	2547.0	2712.0	2762.0	2999.0	2974.0	3113.0	3303.0	3239.0	3358.0	3554.0	3647.0	3844.0	3854.0	3949.0	3936.0	4080.0	4348.0	4477.0	4713.0	4861.0	5048.0	5343.0	5526.0	5899.0	6263.0	7016.0	8070.0	10237.0	14414.0	28597.0	104588.0	559803.0
lane7-s667-index--AGCTCTAC-ATAGAGAG-Mock-2-plexWell96-57_S667_L007_R2_001	275.0	251.0	334.0	348.0	394.0	435.0	431.0	508.0	499.0	529.0	554.0	574.0	589.0	624.0	642.0	602.0	654.0	711.0	749.0	733.0	708.0	746.0	841.0	880.0	819.0	879.0	842.0	926.0	979.0	916.0	1018.0	1030.0	1091.0	1104.0	1180.0	1176.0	1150.0	1198.0	1329.0	1529.0	1651.0	1841.0	2533.0	4650.0	17140.0	95102.0
lane7-s668-index--CCACTACT-ATAGAGAG-Mock-3-plexWell96-58_S668_L007_R2_001	1269.0	1422.0	1576.0	1719.0	1733.0	1791.0	1964.0	2042.0	2173.0	2234.0	2348.0	2435.0	2514.0	2614.0	2629.0	2796.0	2821.0	3007.0	3015.0	3069.0	3231.0	3178.0	3343.0	3431.0	3678.0	3616.0	3745.0	3789.0	3976.0	4037.0	4155.0	4326.0	4346.0	4787.0	4737.0	4854.0	5128.0	5357.0	5700.0	6486.0	7494.0	8706.0	12278.0	23191.0	86499.0	482629.0
lane7-s669-index--GACCTACA-ATAGAGAG-Mock-4-plexWell96-59_S669_L007_R2_001	639.0	766.0	905.0	932.0	1020.0	1125.0	1169.0	1266.0	1281.0	1418.0	1431.0	1430.0	1561.0	1666.0	1735.0	1681.0	1769.0	1901.0	2021.0	2025.0	1978.0	2114.0	2115.0	2302.0	2331.0	2331.0	2460.0	2545.0	2619.0	2634.0	2718.0	2649.0	2700.0	2952.0	3150.0	3188.0	3204.0	3284.0	3655.0	3899.0	4145.0	4895.0	6722.0	12564.0	44500.0	240541.0
lane7-s670-index--CACGTCCG-ATAGAGAG-Mock-5-plexWell96-60_S670_L007_R2_001	2219.0	2466.0	2589.0	2918.0	2996.0	3171.0	3394.0	3549.0	3552.0	3831.0	4039.0	4066.0	4302.0	4527.0	4626.0	4678.0	4845.0	5064.0	5230.0	5308.0	5403.0	5665.0	5868.0	6072.0	6186.0	6413.0	6736.0	6793.0	7080.0	7075.0	7353.0	7626.0	7859.0	8049.0	8851.0	8909.0	9272.0	9981.0	10822.0	12194.0	14464.0	18218.0	27425.0	54600.0	199067.0	1030004.0
