Sample	FastQC_mqc-generalstats-fastqc-percent_duplicates	FastQC_mqc-generalstats-fastqc-avg_sequence_length	FastQC_mqc-generalstats-fastqc-total_sequences	FastQC_mqc-generalstats-fastqc-percent_fails	FastQC_mqc-generalstats-fastqc-percent_gc
lane7-s014-indexRPI2-CGATGT-YZ5-1-NEXTFLEXRapidXP_S14_L007_R2_001	3.74936818935	148.249291696	3010714.0	8.33333333333	46.0
lane7-s015-indexRPI4-TGACCA-YZ5-2-NEXTFLEXRapidXP_S15_L007_R2_001	3.69090933214	148.023278949	3398607.0	8.33333333333	46.0
lane7-s016-indexRPI5-ACAGTG-YZ5-3-NEXTFLEXRapidXP_S16_L007_R2_001	3.18017535752	148.144184322	2300153.0	8.33333333333	46.0
lane7-s017-indexRPI6-GCCAAT-YZ5-4-NEXTFLEXRapidXP_S17_L007_R2_001	3.29868348798	147.1416741	2196273.0	8.33333333333	46.0
lane7-s018-indexRPI7-CAGATC-YZ5-5-NEXTFLEXRapidXP_S18_L007_R2_001	3.04844251603	145.7389533	2282220.0	8.33333333333	46.0
lane7-s019-indexRPI12-CTTGTA-ACR-134-1-NEXTFLEXRapidXP_S19_L007_R2_001	9.73421014331	146.118811396	776003.0	25.0	38.0
lane7-s020-indexRPI1-ATCACG-ACR-134-2-NEXTFLEXRapidXP_S20_L007_R2_001	8.40958317201	146.972258233	606306.0	16.6666666667	38.0
lane7-s021-index-TTAGGC-ACR-134-3-NEXTFLEXRapidXP_S21_L007_R2_001	8.756888309	145.954831048	682947.0	8.33333333333	38.0
lane7-s022-indexRPI8-ACTTGA-ACR-134-4-NEXTFLEXRapidXP_S22_L007_R2_001	11.4761636296	144.519605024	556388.0	25.0	38.0
lane7-s023-indexRPI9-GATCAG-ACR-134-5-NEXTFLEXRapidXP_S23_L007_R2_001	10.91612305	145.906214541	687420.0	25.0	38.0
lane7-s024-indexRPI10-TAGCTT-SHI-Plate1-A1-1-NEXTFLEXRapidXP_S24_L007_R2_001	1.95879973463	147.154124219	4321897.0	25.0	61.0
lane7-s025-indexRPI11-GGCTAC-SHI-Plate1-A1-2-NEXTFLEXRapidXP_S25_L007_R2_001	1.7952827516	147.643442842	3390211.0	25.0	62.0
lane7-s026-indexRPI25-ACTGAT-SHI-Plate1-A1-3-NEXTFLEXRapidXP_S26_L007_R2_001	2.33345240043	147.228536365	3867262.0	25.0	61.0
lane7-s027-indexRPI26-ATGAGC-SHI-Plate1-A1-4-NEXTFLEXRapidXP_S27_L007_R2_001	2.07177906682	147.074620039	2750213.0	25.0	61.0
lane7-s028-indexRPI27-ATTCCT-SHI-Plate1-A1-5-NEXTFLEXRapidXP_S28_L007_R2_001	1.50947932683	146.3805457	3499175.0	25.0	61.0
lane7-s029-indexRPI28-CAAAAG-Mock-1-NEXTFLEXRapidXP_S29_L007_R2_001	4.44191335249	148.225441609	3050892.0	16.6666666667	48.0
lane7-s030-indexRPI29-CAACTA-Mock-2-NEXTFLEXRapidXP_S30_L007_R2_001	5.24191015631	147.72163798	3574719.0	8.33333333333	48.0
lane7-s031-indexRPI30-CACCGG-Mock-3-NEXTFLEXRapidXP_S31_L007_R2_001	4.98606400987	148.500661914	3357687.0	8.33333333333	48.0
lane7-s032-indexRPI31-CACGAT-Mock-4-NEXTFLEXRapidXP_S32_L007_R2_001	5.80334034269	148.444252288	4171373.0	8.33333333333	48.0
lane7-s033-indexRPI32-CACTCA-Mock-5-NEXTFLEXRapidXP_S33_L007_R2_001	6.71842883353	148.038917892	4409283.0	16.6666666667	47.0
lane7-s097-index-TTGGAATG-YZ5-1-plexWell96-1_S97_L007_R2_001	3.25318325516	140.563551285	425491.0	16.6666666667	46.0
lane7-s098-index-GGGACAAC-YZ5-2-plexWell96-2_S98_L007_R2_001	3.56963045421	140.714052742	550035.0	8.33333333333	46.0
lane7-s099-index-GCTGGATC-YZ5-3-plexWell96-3_S99_L007_R2_001	4.02836879615	140.958997722	647964.0	16.6666666667	46.0
lane7-s100-index-ACACTCAA-YZ5-4-plexWell96-4_S100_L007_R2_001	2.90436329652	139.943335937	309826.0	8.33333333333	46.0
lane7-s101-index-ACTAGCTA-YZ5-5-plexWell96-5_S101_L007_R2_001	3.79523466519	140.339216714	576086.0	16.6666666667	46.0
lane7-s102-index-GATGATTG-ACR-134-1-plexWell96-6_S102_L007_R2_001	6.40711975111	140.557213817	263127.0	16.6666666667	39.0
lane7-s103-index-GCAATCTT-ACR-134-2-plexWell96-7_S103_L007_R2_001	6.87151830763	141.72346095	246938.0	8.33333333333	39.0
lane7-s104-index-AGAGTGTC-ACR-134-3-plexWell96-8_S104_L007_R2_001	5.81259131534	141.131059719	75973.0	16.6666666667	41.0
lane7-s105-index-TTAATGCG-ACR-134-4-plexWell96-9_S105_L007_R2_001	8.04031601691	139.538527314	154371.0	8.33333333333	40.0
lane7-s106-index-TCCTATAT-ACR-134-5-plexWell96-10_S106_L007_R2_001	7.65003680231	141.327323826	336245.0	8.33333333333	39.0
lane7-s107-index-CCATATCC-SHI-Plate1-A1-1-plexWell96-11_S107_L007_R2_001	2.23679595365	143.152281439	1137243.0	25.0	60.0
lane7-s108-index-AGCCGACG-SHI-Plate1-A1-2-plexWell96-12_S108_L007_R2_001	2.56179793704	142.324921169	376122.0	16.6666666667	60.0
lane7-s109-index-CGAATTCA-SHI-Plate1-A1-3-plexWell96-13_S109_L007_R2_001	2.26849881628	143.322721484	660331.0	25.0	60.0
lane7-s110-index-GTCAGACC-SHI-Plate1-A1-4-plexWell96-14_S110_L007_R2_001	2.41300726844	143.383713952	923146.0	16.6666666667	60.0
lane7-s111-index-CATTGCCT-SHI-Plate1-A1-5-plexWell96-15_S111_L007_R2_001	2.70424594516	143.419219775	690237.0	16.6666666667	60.0
lane7-s112-index-TAACCGCA-Mock-1-plexWell96-16_S112_L007_R2_001	5.42648460956	142.464435986	772649.0	25.0	46.0
lane7-s113-index-GCGCGAAG-Mock-2-plexWell96-17_S113_L007_R2_001	3.3129953125	142.269038161	372817.0	16.6666666667	47.0
lane7-s114-index-AACACGTG-Mock-3-plexWell96-18_S114_L007_R2_001	5.1971915433	142.805922761	1095435.0	25.0	47.0
lane7-s115-index-GTAGTCAC-Mock-4-plexWell96-19_S115_L007_R2_001	5.10856377692	142.32109423	799759.0	16.6666666667	47.0
lane7-s116-index-GAGTTCTC-Mock-5-plexWell96-20_S116_L007_R2_001	10.9818238292	143.832497184	2068013.0	16.6666666667	47.0
lane7-s117-index-GTGAGGAA-YZ5-1-plexWell96-21_S117_L007_R2_001	3.49857511037	140.2194151	464216.0	8.33333333333	46.0
lane7-s118-index-GATTCGTA-YZ5-2-plexWell96-22_S118_L007_R2_001	3.60409846208	140.531231358	546470.0	8.33333333333	46.0
lane7-s119-index-GATGCAAT-YZ5-3-plexWell96-23_S119_L007_R2_001	4.18738449972	140.533442595	668728.0	8.33333333333	46.0
lane7-s120-index-ACACGGTT-YZ5-4-plexWell96-24_S120_L007_R2_001	4.02604752919	140.69908182	605437.0	8.33333333333	46.0
lane7-s121-index-GAGGCTGC-YZ5-5-plexWell96-25_S121_L007_R2_001	4.85595194816	140.586515997	1040507.0	16.6666666667	46.0
lane7-s122-index-ACAGTTCG-ACR-134-1-plexWell96-26_S122_L007_R2_001	6.19507662291	140.97944549	229536.0	16.6666666667	39.0
lane7-s123-index-CGGAGATA-ACR-134-2-plexWell96-27_S123_L007_R2_001	6.43443526102	140.665398069	217563.0	8.33333333333	39.0
lane7-s124-index-TCGCCAGC-ACR-134-3-plexWell96-28_S124_L007_R2_001	6.89297516673	140.735690182	313526.0	16.6666666667	39.0
lane7-s125-index-TGCACTGT-ACR-134-4-plexWell96-29_S125_L007_R2_001	8.27789267806	139.749481353	144125.0	8.33333333333	40.0
lane7-s126-index-GTACGCGA-ACR-134-5-plexWell96-30_S126_L007_R2_001	7.92285893882	141.615571321	470917.0	8.33333333333	39.0
lane7-s127-index-CTATCCGG-SHI-Plate1-A1-1-plexWell96-31_S127_L007_R2_001	2.23680831442	143.776403437	1476910.0	16.6666666667	60.0
lane7-s128-index-CTTAGAGT-SHI-Plate1-A1-2-plexWell96-32_S128_L007_R2_001	2.61696036597	143.568828136	1243583.0	25.0	60.0
lane7-s129-index-CAAGGACC-SHI-Plate1-A1-3-plexWell96-33_S129_L007_R2_001	2.36654134375	142.901788358	1496065.0	16.6666666667	60.0
lane7-s130-index-AGACAGAG-SHI-Plate1-A1-4-plexWell96-34_S130_L007_R2_001	3.44592771518	139.172925955	77831.0	16.6666666667	60.0
lane7-s131-index-TCGGATCA-SHI-Plate1-A1-5-plexWell96-35_S131_L007_R2_001	2.83252214865	143.341667982	367462.0	16.6666666667	60.0
lane7-s132-index-TAATGGAC-Mock-1-plexWell96-36_S132_L007_R2_001	4.77825734762	142.484134833	663340.0	16.6666666667	47.0
lane7-s133-index-TAGCAACT-Mock-2-plexWell96-37_S133_L007_R2_001	5.24202436655	142.748534229	757451.0	25.0	47.0
lane7-s134-index-ATAGCACA-Mock-3-plexWell96-38_S134_L007_R2_001	4.42918387483	142.670369092	553331.0	25.0	46.0
lane7-s135-index-ATCAACCG-Mock-4-plexWell96-39_S135_L007_R2_001	3.49699365389	140.649909559	447253.0	16.6666666667	47.0
lane7-s136-index-TTCCTCAT-Mock-5-plexWell96-40_S136_L007_R2_001	9.49189847954	143.260215499	1769664.0	25.0	47.0
lane7-s137-index-AGCTACGT-YZ5-1-plexWell96-41_S137_L007_R2_001	3.4272258017	140.562518434	359398.0	16.6666666667	46.0
lane7-s138-index-ATTCCATC-YZ5-2-plexWell96-42_S138_L007_R2_001	3.39942344225	140.881884604	466984.0	8.33333333333	46.0
lane7-s139-index-GTTGTAGG-YZ5-3-plexWell96-43_S139_L007_R2_001	3.11094870408	140.248339869	471499.0	16.6666666667	46.0
lane7-s140-index-TGTGACTA-YZ5-4-plexWell96-44_S140_L007_R2_001	3.4662855349	140.332282288	464617.0	8.33333333333	46.0
lane7-s141-index-CGAAACGC-YZ5-5-plexWell96-45_S141_L007_R2_001	3.96412613841	140.583439009	709716.0	16.6666666667	46.0
lane7-s142-index-GTGTGATT-ACR-134-1-plexWell96-46_S142_L007_R2_001	6.8366357572	140.934082128	301284.0	16.6666666667	39.0
lane7-s143-index-AGGCTGGA-ACR-134-2-plexWell96-47_S143_L007_R2_001	5.39732204482	139.905765426	65199.0	8.33333333333	40.0
lane7-s144-index-CGTGCTGG-ACR-134-3-plexWell96-48_S144_L007_R2_001	6.65526858849	141.369465247	352929.0	16.6666666667	39.0
lane7-s145-index-AATAGGAT-ACR-134-4-plexWell96-49_S145_L007_R2_001	10.3478026807	140.350047743	189557.0	8.33333333333	39.0
lane7-s146-index-CGTCTGCC-ACR-134-5-plexWell96-50_S146_L007_R2_001	7.46901335198	141.47229453	359189.0	8.33333333333	39.0
lane7-s147-index-GAATCTAG-SHI-Plate1-A1-1-plexWell96-51_S147_L007_R2_001	2.14693339935	143.250041836	974049.0	25.0	60.0
lane7-s148-index-ATGCGTCA-SHI-Plate1-A1-2-plexWell96-52_S148_L007_R2_001	2.58251164075	143.387072485	855292.0	16.6666666667	60.0
lane7-s149-index-GCAAGTAC-SHI-Plate1-A1-3-plexWell96-53_S149_L007_R2_001	2.64884350056	143.636626341	1221558.0	25.0	60.0
lane7-s150-index-ACTGACCT-SHI-Plate1-A1-4-plexWell96-54_S150_L007_R2_001	2.8000613901	143.428032503	674888.0	25.0	60.0
lane7-s151-index-GAAGACCA-SHI-Plate1-A1-5-plexWell96-55_S151_L007_R2_001	2.44085327586	143.416099598	1245733.0	16.6666666667	60.0
lane7-s152-index-CAGAAGCG-Mock-1-plexWell96-56_S152_L007_R2_001	5.9534479399	143.196286745	973270.0	25.0	47.0
lane7-s153-index-AGCTCTAC-Mock-2-plexWell96-57_S153_L007_R2_001	5.1192350282	141.166215955	170471.0	16.6666666667	46.0
lane7-s154-index-CCACTACT-Mock-3-plexWell96-58_S154_L007_R2_001	5.47261279565	142.114532152	827331.0	25.0	46.0
lane7-s155-index-GACCTACA-Mock-4-plexWell96-59_S155_L007_R2_001	3.99595772263	140.759613196	434845.0	16.6666666667	47.0
lane7-s156-index-CACGTCCG-Mock-5-plexWell96-60_S156_L007_R2_001	9.40624407805	143.337799512	1755565.0	25.0	47.0
lane7-s551-index--TAAGGCGA-CTCCTTAC-YZ5-1-NexteraFlex-Full_S551_L007_R2_001	13.4085100702	146.713111594	4703219.0	16.6666666667	45.0
lane7-s552-index--CGTACTAG-TCTTACGC-YZ5-2-NexteraFlex-Full_S552_L007_R2_001	9.2574110203	143.941861344	2631571.0	8.33333333333	45.0
lane7-s553-index--AGGCAGAA-TATGCAGT-YZ5-3-NexteraFlex-Full_S553_L007_R2_001	8.96440815718	146.227359556	2422225.0	8.33333333333	45.0
lane7-s554-index--GGACTCCT-AGAGGATA-YZ5-4-NexteraFlex-Full_S554_L007_R2_001	9.87436088963	146.714721649	2510208.0	8.33333333333	45.0
lane7-s555-index--TAGGCATG-ACTCTAGG-YZ5-5-NexteraFlex-Full_S555_L007_R2_001	7.47650038372	142.314210823	1891889.0	16.6666666667	45.0
lane7-s556-index--CGAGGCTG-TCGCATAA-ACR-134-1-NexteraFlex-Full_S556_L007_R2_001	8.22522865807	144.78310255	554995.0	16.6666666667	38.0
lane7-s557-index--AAGAGGCA-CTAGTCGA-ACR-134-2-NexteraFlex-Full_S557_L007_R2_001	9.98555407973	146.202480962	1046449.0	16.6666666667	38.0
lane7-s558-index--GCTCATGA-ATTAGACG-ACR-134-3-NexteraFlex-Full_S558_L007_R2_001	10.0806898841	146.091068816	965292.0	16.6666666667	38.0
lane7-s559-index--CGTACTAG-TATGCAGT-ACR-134-4-NexteraFlex-Full_S559_L007_R2_001	10.1150601025	145.311730848	1025561.0	16.6666666667	38.0
lane7-s560-index--AGGCAGAA-CTCCTTAC-ACR-134-5-NexteraFlex-Full_S560_L007_R2_001	10.3952848342	142.381109268	1432639.0	16.6666666667	38.0
lane7-s561-index--TAAGGCGA-TCTTACGC-SHI-Plate1-A1-1-NexteraFlex-Full_S561_L007_R2_001	1.87258504373	146.940860748	3036173.0	25.0	59.0
lane7-s562-index--CTCTCTAC-AGAGGATA-SHI-Plate1-A1-2-NexteraFlex-Full_S562_L007_R2_001	1.82253988502	146.636887357	2748687.0	25.0	59.0
lane7-s563-index--GTAGAGGA-ACTCTAGG-SHI-Plate1-A1-3-NexteraFlex-Full_S563_L007_R2_001	2.12103378751	147.420082833	2368859.0	25.0	60.0
lane7-s564-index--AAGAGGCA-ATTAGACG-SHI-Plate1-A1-4-NexteraFlex-Full_S564_L007_R2_001	2.22591127586	147.64632031	3905777.0	25.0	59.0
lane7-s565-index--GCTCATGA-TCGCATAA-SHI-Plate1-A1-5-NexteraFlex-Full_S565_L007_R2_001	1.67599773343	144.670690817	2268139.0	25.0	59.0
lane7-s566-index--CGAGGCTG-CTAGTCGA-Mock-1-NexteraFlex-Full_S566_L007_R2_001	15.0894517721	146.294266299	3359209.0	25.0	45.0
lane7-s567-index--AGGCAGAA-TCTTACGC-Mock-2-NexteraFlex-Full_S567_L007_R2_001	14.9577605351	147.058909005	3278531.0	25.0	45.0
lane7-s568-index--TAAGGCGA-TATGCAGT-Mock-3-NexteraFlex-Full_S568_L007_R2_001	19.6317459112	147.37062891	4737863.0	25.0	45.0
lane7-s569-index--CGTACTAG-CTCCTTAC-Mock-4-NexteraFlex-Full_S569_L007_R2_001	11.5598306465	147.056693551	2216813.0	25.0	45.0
lane7-s570-index--TAGCGCTC-AGAGGATA-Mock-5-NexteraFlex-Full_S570_L007_R2_001	23.9502327457	138.363585999	6804910.0	25.0	45.0
lane7-s571-index--GGACTCCT-CTCCTTAC-YZ5-1-NexteraFlex-Reduced_S571_L007_R2_001	4.12375240071	129.845077377	2302827.0	8.33333333333	44.0
lane7-s572-index--CTCTCTAC-TCTTACGC-YZ5-2-NexteraFlex-Reduced_S572_L007_R2_001	4.14384796206	129.196373576	2541788.0	8.33333333333	43.0
lane7-s573-index--TAGCGCTC-TATGCAGT-YZ5-3-NexteraFlex-Reduced_S573_L007_R2_001	3.61481902222	129.158779805	1951917.0	8.33333333333	44.0
lane7-s574-index--TAGGCATG-AGAGGATA-YZ5-4-NexteraFlex-Reduced_S574_L007_R2_001	3.79380699873	128.535588115	2227148.0	16.6666666667	44.0
lane7-s575-index--CGAGGCTG-ACTCTAGG-YZ5-5-NexteraFlex-Reduced_S575_L007_R2_001	5.82902385449	131.732454538	4160848.0	8.33333333333	43.0
lane7-s576-index--TAAGGCGA-TCGCATAA-ACR-134-1-NexteraFlex-Reduced_S576_L007_R2_001	6.39155995212	136.19870276	755450.0	16.6666666667	38.0
lane7-s577-index--CGTACTAG-CTAGTCGA-ACR-134-2-NexteraFlex-Reduced_S577_L007_R2_001	6.41526402766	136.18367104	798177.0	8.33333333333	38.0
lane7-s578-index--AGGCAGAA-ATTAGACG-ACR-134-3-NexteraFlex-Reduced_S578_L007_R2_001	6.8057044072	135.462377342	1008395.0	8.33333333333	38.0
lane7-s579-index--CTCTCTAC-TATGCAGT-ACR-134-4-NexteraFlex-Reduced_S579_L007_R2_001	6.73773235007	133.828730624	1098737.0	16.6666666667	38.0
lane7-s580-index--TAGCGCTC-CTCCTTAC-ACR-134-5-NexteraFlex-Reduced_S580_L007_R2_001	7.74866167517	138.820087495	1356426.0	16.6666666667	38.0
lane7-s581-index--GGACTCCT-TCTTACGC-SHI-Plate1-A1-1-NexteraFlex-Reduced_S581_L007_R2_001	2.16152558317	140.659563764	3518092.0	25.0	58.0
lane7-s582-index--GTAGAGGA-AGAGGATA-SHI-Plate1-A1-2-NexteraFlex-Reduced_S582_L007_R2_001	1.82613763124	138.667399196	4409379.0	25.0	57.0
lane7-s583-index--AAGAGGCA-ACTCTAGG-SHI-Plate1-A1-3-NexteraFlex-Reduced_S583_L007_R2_001	1.84629403017	139.822170003	3431682.0	25.0	57.0
lane7-s584-index--CGTACTAG-ATTAGACG-SHI-Plate1-A1-4-NexteraFlex-Reduced_S584_L007_R2_001	1.69278801091	137.911262536	2029312.0	16.6666666667	58.0
lane7-s585-index--AGGCAGAA-TCGCATAA-SHI-Plate1-A1-5-NexteraFlex-Reduced_S585_L007_R2_001	1.76730084756	140.914457454	3862312.0	25.0	57.0
lane7-s586-index--TAAGGCGA-CTAGTCGA-Mock-1-NexteraFlex-Reduced_S586_L007_R2_001	13.2809751366	139.847380819	3886864.0	25.0	43.0
lane7-s587-index--CGGAGCCT-ACTCTAGG-Mock-2-NexteraFlex-Reduced_S587_L007_R2_001	13.8507688833	140.177444696	4268158.0	25.0	43.0
lane7-s588-index--GCTCATGA-CTAGTCGA-Mock-3-NexteraFlex-Reduced_S588_L007_R2_001	11.354199826	139.83781607	3074164.0	25.0	43.0
lane7-s589-index--CGAGGCTG-ATTAGACG-Mock-4-NexteraFlex-Reduced_S589_L007_R2_001	9.93907805032	139.386945341	2757728.0	25.0	43.0
lane7-s590-index--AAGAGGCA-TCGCATAA-Mock-5-NexteraFlex-Reduced_S590_L007_R2_001	13.9600831135	140.781850283	4034399.0	25.0	42.0
lane7-s591-index--ATTACTCG-AGGCTATA-YZ5-1-QIAseqFX_S591_L007_R2_001	4.73469067059	140.325736246	2783479.0	16.6666666667	46.0
lane7-s592-index--ATTACTCG-GCCTCTAT-YZ5-2-QIAseqFX_S592_L007_R2_001	3.09564495804	140.667913204	2877305.0	8.33333333333	46.0
lane7-s593-index--ATTACTCG-AGGATAGG-YZ5-3-QIAseqFX_S593_L007_R2_001	2.89433904355	141.431050928	2568606.0	8.33333333333	46.0
lane7-s594-index--ATTACTCG-TCAGAGCC-YZ5-4-QIAseqFX_S594_L007_R2_001	3.09143229074	142.324739183	2615151.0	8.33333333333	46.0
lane7-s595-index--ATTACTCG-CTTCGCCT-YZ5-5-QIAseqFX_S595_L007_R2_001	2.42377870108	142.220547154	1798799.0	8.33333333333	46.0
lane7-s596-index--ATTACTCG-TAAGATTA-ACR-134-1-QIAseqFX_S596_L007_R2_001	15.7947550881	140.954686868	872043.0	25.0	38.0
lane7-s597-index--ATTACTCG-ACGTCCTG-ACR-134-2-QIAseqFX_S597_L007_R2_001	11.2010048437	142.006582621	775375.0	16.6666666667	39.0
lane7-s598-index--ATTACTCG-GTCAGTAC-ACR-134-3-QIAseqFX_S598_L007_R2_001	42.040453026	134.809808998	434132.0	33.3333333333	38.0
lane7-s599-index--TCCGGAGA-AGGCTATA-ACR-134-4-QIAseqFX_S599_L007_R2_001	24.7094422077	136.591690886	894271.0	33.3333333333	38.0
lane7-s600-index--TCCGGAGA-GCCTCTAT-ACR-134-5-QIAseqFX_S600_L007_R2_001	11.6858786246	140.258995006	1157698.0	16.6666666667	39.0
lane7-s601-index--TCCGGAGA-AGGATAGG-SHI-Plate1-A1-1-QIAseqFX_S601_L007_R2_001	2.41978364601	143.208088576	2955477.0	33.3333333333	60.0
lane7-s602-index--TCCGGAGA-TCAGAGCC-SHI-Plate1-A1-2-QIAseqFX_S602_L007_R2_001	1.41867292752	143.13150468	5119871.0	25.0	60.0
lane7-s603-index--TCCGGAGA-CTTCGCCT-SHI-Plate1-A1-3-QIAseqFX_S603_L007_R2_001	1.41383398123	142.515070021	3661176.0	25.0	61.0
lane7-s604-index--TCCGGAGA-TAAGATTA-SHI-Plate1-A1-4-QIAseqFX_S604_L007_R2_001	2.36259969709	143.171805793	1340857.0	25.0	60.0
lane7-s605-index--TCCGGAGA-ACGTCCTG-SHI-Plate1-A1-5-QIAseqFX_S605_L007_R2_001	1.20877509838	142.689673946	3331989.0	25.0	61.0
lane7-s606-index--TCCGGAGA-GTCAGTAC-Mock-1-QIAseqFX_S606_L007_R2_001	4.91724583446	143.645085265	3150058.0	8.33333333333	46.0
lane7-s607-index--CGCTCATT-AGGCTATA-Mock-2-QIAseqFX_S607_L007_R2_001	4.81871207595	143.781571703	3119724.0	16.6666666667	46.0
lane7-s608-index--CGCTCATT-GCCTCTAT-Mock-3-rd2-QIAseqFX_S608_L007_R2_001	4.17799909329	142.766025145	2534392.0	25.0	46.0
lane7-s609-index--CGCTCATT-AGGATAGG-Mock-4-rd2-QIAseqFX_S609_L007_R2_001	4.55044516512	144.477055815	2717791.0	16.6666666667	47.0
lane7-s610-index--CGCTCATT-TCAGAGCC-Mock-5-QIAseqFX_S610_L007_R2_001	4.36355285064	142.955186728	2608022.0	8.33333333333	46.0
lane7-s611-index--TTGGAATG-ATAGAGAG-YZ5-1-plexWell96-1_S611_L007_R2_001	3.00257472042	140.131680652	373373.0	16.6666666667	46.0
lane7-s612-index--GGGACAAC-ATAGAGAG-YZ5-2-plexWell96-2_S612_L007_R2_001	3.15207090398	140.124432854	470117.0	16.6666666667	46.0
lane7-s613-index--GCTGGATC-ATAGAGAG-YZ5-3-plexWell96-3_S613_L007_R2_001	3.69443668326	140.545044688	567825.0	8.33333333333	46.0
lane7-s614-index--ACACTCAA-ATAGAGAG-YZ5-4-plexWell96-4_S614_L007_R2_001	2.78582669219	139.742274969	281261.0	8.33333333333	46.0
lane7-s615-index--ACTAGCTA-ATAGAGAG-YZ5-5-plexWell96-5_S615_L007_R2_001	3.59861158297	140.156374926	524061.0	8.33333333333	46.0
lane7-s616-index--GATGATTG-ATAGAGAG-ACR-134-1-plexWell96-6_S616_L007_R2_001	6.35986470053	140.258809324	231885.0	8.33333333333	39.0
lane7-s617-index--GCAATCTT-ATAGAGAG-ACR-134-2-plexWell96-7_S617_L007_R2_001	6.7953257125	141.632424042	224204.0	8.33333333333	39.0
lane7-s618-index--AGAGTGTC-ATAGAGAG-ACR-134-3-plexWell96-8_S618_L007_R2_001	5.6488687239	140.861843094	66562.0	16.6666666667	41.0
lane7-s619-index--TTAATGCG-ATAGAGAG-ACR-134-4-plexWell96-9_S619_L007_R2_001	7.34706176251	139.322295344	138733.0	8.33333333333	39.0
lane7-s620-index--TCCTATAT-ATAGAGAG-ACR-134-5-plexWell96-10_S620_L007_R2_001	7.61230899565	141.231801271	307233.0	8.33333333333	39.0
lane7-s621-index--CCATATCC-ATAGAGAG-SHI-Plate1-A1-1-plexWell96-11_S621_L007_R2_001	1.9966094101	142.805999915	982814.0	25.0	60.0
lane7-s622-index--AGCCGACG-ATAGAGAG-SHI-Plate1-A1-2-plexWell96-12_S622_L007_R2_001	2.49513245038	142.12784171	336901.0	16.6666666667	60.0
lane7-s623-index--CGAATTCA-ATAGAGAG-SHI-Plate1-A1-3-plexWell96-13_S623_L007_R2_001	2.1845634123	143.166600591	592753.0	16.6666666667	60.0
lane7-s624-index--GTCAGACC-ATAGAGAG-SHI-Plate1-A1-4-plexWell96-14_S624_L007_R2_001	2.22987371065	143.163054068	812896.0	16.6666666667	60.0
lane7-s625-index--CATTGCCT-ATAGAGAG-SHI-Plate1-A1-5-plexWell96-15_S625_L007_R2_001	2.65206464464	143.32285608	628918.0	25.0	60.0
lane7-s626-index--TAACCGCA-ATAGAGAG-Mock-1-plexWell96-16_S626_L007_R2_001	4.94451846	142.194949014	684302.0	25.0	46.0
lane7-s627-index--GCGCGAAG-ATAGAGAG-Mock-2-plexWell96-17_S627_L007_R2_001	3.00796844458	141.83610657	319903.0	25.0	47.0
lane7-s628-index--AACACGTG-ATAGAGAG-Mock-3-plexWell96-18_S628_L007_R2_001	4.82249168176	141.960338085	883921.0	16.6666666667	46.0
lane7-s629-index--GTAGTCAC-ATAGAGAG-Mock-4-plexWell96-19_S629_L007_R2_001	4.66296601235	141.945489368	698616.0	16.6666666667	47.0
lane7-s630-index--GAGTTCTC-ATAGAGAG-Mock-5-plexWell96-20_S630_L007_R2_001	10.0824918023	143.493062738	1788746.0	25.0	47.0
lane7-s631-index--GTGAGGAA-ATAGAGAG-YZ5-1-plexWell96-21_S631_L007_R2_001	3.25894817087	139.905099881	412539.0	8.33333333333	46.0
lane7-s632-index--GATTCGTA-ATAGAGAG-YZ5-2-plexWell96-22_S632_L007_R2_001	3.41343083127	140.331082635	495846.0	16.6666666667	46.0
lane7-s633-index--GATGCAAT-ATAGAGAG-YZ5-3-plexWell96-23_S633_L007_R2_001	4.01896208326	140.397598599	612809.0	8.33333333333	46.0
lane7-s634-index--ACACGGTT-ATAGAGAG-YZ5-4-plexWell96-24_S634_L007_R2_001	3.84013854666	140.51447445	549520.0	8.33333333333	46.0
lane7-s635-index--GAGGCTGC-ATAGAGAG-YZ5-5-plexWell96-25_S635_L007_R2_001	4.34640791504	140.021013153	892679.0	8.33333333333	46.0
lane7-s636-index--ACAGTTCG-ATAGAGAG-ACR-134-1-plexWell96-26_S636_L007_R2_001	6.11989681252	140.878886136	206632.0	16.6666666667	39.0
lane7-s637-index--CGGAGATA-ATAGAGAG-ACR-134-2-plexWell96-27_S637_L007_R2_001	10.9473478528	140.44241305	194393.0	8.33333333333	39.0
lane7-s638-index--TCGCCAGC-ATAGAGAG-ACR-134-3-plexWell96-28_S638_L007_R2_001	6.88278094908	140.263569727	262754.0	16.6666666667	39.0
lane7-s639-index--TGCACTGT-ATAGAGAG-ACR-134-4-plexWell96-29_S639_L007_R2_001	7.59333757117	139.535611527	129986.0	8.33333333333	40.0
lane7-s640-index--GTACGCGA-ATAGAGAG-ACR-134-5-plexWell96-30_S640_L007_R2_001	7.84170159207	141.415423355	418573.0	16.6666666667	39.0
lane7-s641-index--CTATCCGG-ATAGAGAG-SHI-Plate1-A1-1-plexWell96-31_S641_L007_R2_001	1.97381878992	143.349102825	1241173.0	25.0	60.0
lane7-s642-index--CTTAGAGT-ATAGAGAG-SHI-Plate1-A1-2-plexWell96-32_S642_L007_R2_001	2.55483431453	143.468271788	1129468.0	16.6666666667	60.0
lane7-s643-index--CAAGGACC-ATAGAGAG-SHI-Plate1-A1-3-plexWell96-33_S643_L007_R2_001	2.12029254706	142.466617964	1268931.0	25.0	60.0
lane7-s644-index--AGACAGAG-ATAGAGAG-SHI-Plate1-A1-4-plexWell96-34_S644_L007_R2_001	2.96953106403	138.592894549	67216.0	16.6666666667	60.0
lane7-s645-index--TCGGATCA-ATAGAGAG-SHI-Plate1-A1-5-plexWell96-35_S645_L007_R2_001	2.69223582666	143.120340063	323234.0	25.0	60.0
lane7-s646-index--TAATGGAC-ATAGAGAG-Mock-1-plexWell96-36_S646_L007_R2_001	4.39435432475	142.178003406	585427.0	25.0	46.0
lane7-s647-index--TAGCAACT-ATAGAGAG-Mock-2-plexWell96-37_S647_L007_R2_001	4.99044922377	142.63394122	688944.0	25.0	47.0
lane7-s648-index--ATAGCACA-ATAGAGAG-Mock-3-plexWell96-38_S648_L007_R2_001	4.21810227523	142.510919873	499319.0	16.6666666667	46.0
lane7-s649-index--ATCAACCG-ATAGAGAG-Mock-4-plexWell96-39_S649_L007_R2_001	3.31107910717	140.470165802	406329.0	25.0	47.0
lane7-s650-index--TTCCTCAT-ATAGAGAG-Mock-5-plexWell96-40_S650_L007_R2_001	8.95934990819	143.189077303	1625203.0	25.0	47.0
lane7-s651-index--AGCTACGT-ATAGAGAG-YZ5-1-plexWell96-41_S651_L007_R2_001	3.29704416532	140.403025715	327592.0	8.33333333333	46.0
lane7-s652-index--ATTCCATC-ATAGAGAG-YZ5-2-plexWell96-42_S652_L007_R2_001	3.19402573138	140.527980166	414633.0	8.33333333333	46.0
lane7-s653-index--GTTGTAGG-ATAGAGAG-YZ5-3-plexWell96-43_S653_L007_R2_001	2.76545755107	139.727249442	409935.0	16.6666666667	46.0
lane7-s654-index--TGTGACTA-ATAGAGAG-YZ5-4-plexWell96-44_S654_L007_R2_001	3.29607068446	140.091860136	419921.0	16.6666666667	46.0
lane7-s655-index--CGAAACGC-ATAGAGAG-YZ5-5-plexWell96-45_S655_L007_R2_001	3.67808398863	140.212212366	625317.0	16.6666666667	46.0
lane7-s656-index--GTGTGATT-ATAGAGAG-ACR-134-1-plexWell96-46_S656_L007_R2_001	6.81834452447	140.793400208	272251.0	16.6666666667	39.0
lane7-s657-index--AGGCTGGA-ATAGAGAG-ACR-134-2-plexWell96-47_S657_L007_R2_001	5.10123724691	139.554801113	57143.0	8.33333333333	40.0
lane7-s658-index--CGTGCTGG-ATAGAGAG-ACR-134-3-plexWell96-48_S658_L007_R2_001	6.62724299416	140.950735439	298937.0	16.6666666667	39.0
lane7-s659-index--AATAGGAT-ATAGAGAG-ACR-134-4-plexWell96-49_S659_L007_R2_001	9.47635759264	140.206596838	171658.0	8.33333333333	39.0
lane7-s660-index--CGTCTGCC-ATAGAGAG-ACR-134-5-plexWell96-50_S660_L007_R2_001	7.43915590424	141.166001457	310178.0	8.33333333333	39.0
lane7-s661-index--GAATCTAG-ATAGAGAG-SHI-Plate1-A1-1-plexWell96-51_S661_L007_R2_001	2.01379927987	142.974001239	854233.0	25.0	60.0
lane7-s662-index--ATGCGTCA-ATAGAGAG-SHI-Plate1-A1-2-plexWell96-52_S662_L007_R2_001	2.41839261215	143.238819474	767048.0	16.6666666667	60.0
lane7-s663-index--GCAAGTAC-ATAGAGAG-SHI-Plate1-A1-3-plexWell96-53_S663_L007_R2_001	2.40152005494	143.349641629	1061750.0	16.6666666667	60.0
lane7-s664-index--ACTGACCT-ATAGAGAG-SHI-Plate1-A1-4-plexWell96-54_S664_L007_R2_001	2.7239903179	143.32189547	610487.0	16.6666666667	60.0
lane7-s665-index--GAAGACCA-ATAGAGAG-SHI-Plate1-A1-5-plexWell96-55_S665_L007_R2_001	2.27785848131	143.198375657	1096813.0	16.6666666667	60.0
lane7-s666-index--CAGAAGCG-ATAGAGAG-Mock-1-plexWell96-56_S666_L007_R2_001	5.56956797773	142.961248199	858773.0	16.6666666667	47.0
lane7-s667-index--AGCTCTAC-ATAGAGAG-Mock-2-plexWell96-57_S667_L007_R2_001	4.59453169049	140.930290057	153694.0	16.6666666667	46.0
lane7-s668-index--CCACTACT-ATAGAGAG-Mock-3-plexWell96-58_S668_L007_R2_001	5.203679076	141.968430629	751868.0	25.0	46.0
lane7-s669-index--GACCTACA-ATAGAGAG-Mock-4-plexWell96-59_S669_L007_R2_001	3.81601344691	140.592762467	395936.0	16.6666666667	47.0
lane7-s670-index--CACGTCCG-ATAGAGAG-Mock-5-plexWell96-60_S670_L007_R2_001	8.87541738698	143.179993081	1575355.0	25.0	47.0
