Sample	1	2	3	4	5	6	7	8	9	12	17	22	27	32	37	42	47	52	57	62	67	72	77	82	87	92	97	102	107	112	117	122	127	132	137	142	147	150
lane7-s014-indexRPI2-CGATGT-YZ5-1-NEXTFLEXRapidXP_S14_L007_R1_001	0.0	0.0	0.0	0.0	0.0	0.0	0.0	0.0	0.0	0.0	0.0	0.0	0.0	0.0	6.64294250467e-06	9.30011950654e-05	1.9928827514e-05	0.000232502987663	0.0	0.0	0.000298970365991	5.31580040605e-05	5.98190672612e-05	0.0	0.000113106193476	0.000133165092555	1.33282499388e-05	0.0	6.68218224837e-05	0.00103782837559	0.0	0.0	0.0	0.000224441945506	0.000342320197001	6.90737343464e-06	0.0	0.0
lane7-s015-indexRPI4-TGACCA-YZ5-2-NEXTFLEXRapidXP_S15_L007_R1_001	0.0	0.0	0.0	0.0	2.94238198179e-05	0.0	0.0	0.0	0.0	0.0	0.0	0.0	0.0	0.0	5.88476396359e-06	0.000123580043235	4.11933477451e-05	0.00022950579458	1.76542918908e-05	0.0	0.000229541063837	5.29799858685e-05	6.4770351713e-05	0.0	8.84105810962e-05	0.000171060432525	2.95236053329e-05	0.0	0.000136266588161	0.00102169121735	0.0	0.0	6.01866617089e-06	0.000133327046761	0.000360554660178	6.17803630251e-06	0.0	0.0
lane7-s016-indexRPI5-ACAGTG-YZ5-3-NEXTFLEXRapidXP_S16_L007_R1_001	0.0	0.0	0.0	0.0	0.0	0.0	0.0	0.0	0.0	0.0	0.0	0.0	0.0	0.0	0.0	6.95605900999e-05	3.47802950499e-05	0.000408668466837	1.7390147525e-05	0.0	0.000339159219078	7.8279445618e-05	9.57016641562e-05	8.70396180841e-06	0.00010450564779	0.00013073303582	1.74469038376e-05	0.0	0.000131229807013	0.000903026128228	0.0	0.0	8.86267035271e-06	0.000169356357598	0.000314134480971	0.0	0.0	0.0
lane7-s017-indexRPI6-GCCAAT-YZ5-4-NEXTFLEXRapidXP_S17_L007_R1_001	0.0	0.0	0.0	0.0	0.0	0.0	0.0	0.0	0.0	0.0	0.0	0.0	0.0	0.0	1.82126721041e-05	0.000163914048937	6.37443523642e-05	0.000346040769977	2.73190081561e-05	0.0	0.000282473211516	2.73526217944e-05	1.82522253113e-05	0.0	8.23755950035e-05	0.000201760414643	1.83824965544e-05	0.0	8.3234361512e-05	0.000937957196091	0.0	0.0	0.0	0.000162004726536	0.000346283502688	2.91864538663e-05	0.0	0.0
lane7-s018-indexRPI7-CAGATC-YZ5-5-NEXTFLEXRapidXP_S18_L007_R1_001	0.0	0.0	0.0	0.0	0.0	0.0	0.0	0.0	0.0	0.0	0.0	0.0	1.75267940865e-05	0.0	0.0	5.25803822594e-05	0.000105160764519	0.000376826072859	1.75267940865e-05	0.0	0.000386258943431	0.000123095460442	0.000105722447739	0.0	0.000132869765485	0.000124443150236	8.92445343077e-06	0.0	0.000153345816284	0.0012351822407	0.0	0.0	0.0	0.000321964056501	0.00031726098783	2.93707694466e-05	0.0	0.0
lane7-s019-indexRPI12-CTTGTA-ACR-134-1-NEXTFLEXRapidXP_S19_L007_R1_001	0.0	0.0	0.0	0.0	0.0	0.0	0.0	0.0	0.0	0.0	0.0	0.0	0.0	0.0	0.0	2.5773096238e-05	0.00012886548119	0.000360823347332	2.5773096238e-05	0.0	0.000335142760504	7.73518042566e-05	5.16029022504e-05	0.0	5.17346632591e-05	0.000233134348849	5.18665473736e-05	0.0	0.000182086961091	0.000990496963605	0.0	0.0	0.0	0.00013250730049	0.000267238914262	0.0	0.0	0.0
lane7-s020-indexRPI1-ATCACG-ACR-134-2-NEXTFLEXRapidXP_S20_L007_R1_001	0.0	0.0	0.0	0.0	0.0	0.0	0.0	0.0	0.0	0.0	0.0	0.0	0.0	0.0	0.0	0.000131946574832	6.59732874159e-05	0.000296879793372	0.000131946574832	0.0	6.59830166313e-05	0.0	6.60008718715e-05	0.0	0.000132068077132	0.000198181355759	0.0	0.0	9.9324461231e-05	0.000762628042762	0.0	0.0	0.0	0.000168349601516	0.000407544463101	0.0	0.0	0.0
lane7-s021-index-TTAGGC-ACR-134-3-NEXTFLEXRapidXP_S21_L007_R1_001	0.0	0.0	0.0	0.0	0.000146424246684	0.0	0.0	0.0	0.0	0.0	0.0	0.0	0.0	0.0	0.0	0.000117139397347	0.000175709096021	0.000439272740052	2.92848493368e-05	0.0	0.000351636604667	0.000146573621732	8.80054446035e-05	0.0	5.88067694825e-05	0.000206127098558	0.0	0.0	0.000118413647883	0.00086072465893	0.0	0.0	0.0	0.000272547143842	0.000397654450518	0.0	0.0	0.0
lane7-s022-indexRPI8-ACTTGA-ACR-134-4-NEXTFLEXRapidXP_S22_L007_R1_001	0.0	0.0	0.0	0.0	0.0	0.0	0.0	0.0	0.0	0.0	0.0	0.0	0.0	0.0	0.0	0.000215676829838	0.000179730691532	0.000323515244757	3.59461383064e-05	0.0	0.000143883960464	3.59885570784e-05	7.21014842812e-05	0.0	7.256288481e-05	0.000291243544405	7.30127925714e-05	0.0	0.000110322063199	0.000997760213092	0.0	0.0	3.77211022408e-05	0.000114377172451	0.000385788031852	0.0	0.0	0.0
lane7-s023-indexRPI9-GATCAG-ACR-134-5-NEXTFLEXRapidXP_S23_L007_R1_001	0.0	0.0	0.0	0.0	0.0	0.0	0.0	0.0	0.0	0.0	0.0	0.0	0.0	0.0	0.0	0.000116377178435	0.000116377178435	0.000290942946088	0.0	0.0	0.000174618146492	0.00014555108552	0.000145685141194	0.0	8.77368712739e-05	0.000175824948681	2.93515422474e-05	0.0	5.89560591648e-05	0.00127139378762	0.0	0.0	0.0	0.000271889112744	0.000244001080925	0.0	0.0	0.0
lane7-s024-indexRPI10-TAGCTT-SHI-Plate1-A1-1-NEXTFLEXRapidXP_S24_L007_R1_001	0.0	0.0	0.0	0.0	0.0	0.0	0.0	0.0	0.0	0.0	0.0	0.0	0.0	0.0	4.62759755728e-06	0.000115689938932	8.3296756031e-05	0.000319304231452	2.31379877864e-05	0.0	0.000291685018516	8.33803583113e-05	7.41707707826e-05	0.0	0.000106876369876	0.00018153270577	2.33211815984e-05	0.0	0.000140741674848	0.00113039092262	0.0	0.0	0.0	0.000135205935541	0.000287504232769	4.92868731609e-06	0.0	0.0
lane7-s025-indexRPI11-GGCTAC-SHI-Plate1-A1-2-NEXTFLEXRapidXP_S25_L007_R1_001	0.0	0.0	0.0	0.0	0.0	0.0	0.0	0.0	0.0	0.0	0.0	0.0	0.0	0.0	0.0	8.25907296036e-05	4.71947026306e-05	0.000289067553612	2.35973513153e-05	0.0	0.000271462664441	3.54201780608e-05	7.08735262515e-05	0.0	6.50637136416e-05	0.000112500911849	1.18575835442e-05	0.0	0.000101184110024	0.000841554906981	0.0	0.0	0.0	0.000237316729113	0.000318916918892	0.0	0.0	0.0
lane7-s026-indexRPI25-ACTGAT-SHI-Plate1-A1-3-NEXTFLEXRapidXP_S26_L007_R1_001	0.0	0.0	0.0	0.0	0.0	0.0	0.0	0.0	0.0	0.0	0.0	0.0	0.0	0.0	1.03432350847e-05	0.000113775585931	7.24026455927e-05	0.000237894406947	1.5514852627e-05	0.0	0.000320814031454	5.69479472465e-05	5.69920133465e-05	0.0	7.7905828992e-05	0.000166475055612	3.12752743311e-05	0.0	0.000131019466663	0.000967867687017	0.0	0.0	5.34499311511e-06	0.00019924758726	0.000309676073394	2.19738034907e-05	0.0	0.0
lane7-s027-indexRPI26-ATGAGC-SHI-Plate1-A1-4-NEXTFLEXRapidXP_S27_L007_R1_001	0.0	0.0	0.0	0.0	0.0	0.0	0.0	0.0	0.0	0.0	0.0	0.0	0.0	0.0	0.0	7.27216401057e-05	2.18164920317e-05	0.000232709248338	2.90886560423e-05	0.0	0.000218278813349	4.36774140525e-05	5.09953490785e-05	0.0	8.03414482335e-05	8.77996079309e-05	1.46637273714e-05	0.0	0.000154860038972	0.00100681480367	0.0	0.0	0.0	0.00026559330547	0.000359903006905	0.0	0.0	0.0
lane7-s028-indexRPI27-ATTCCT-SHI-Plate1-A1-5-NEXTFLEXRapidXP_S28_L007_R1_001	0.0	0.0	0.0	0.0	0.0	0.0	0.0	0.0	0.0	0.0	0.0	0.0	0.0	0.0	0.0	6.85875956475e-05	0.000142890824266	0.000342937978238	2.28625318825e-05	0.0	0.000366199280041	7.44624797025e-05	8.60385280529e-05	0.0	0.000103656195894	0.000167452016625	5.21381477853e-05	0.0	0.000181147521633	0.00112239869412	0.0	0.0	0.0	0.000200889172001	0.000357647417487	6.26244190646e-06	0.0	0.0
lane7-s029-indexRPI28-CAAAAG-Mock-1-NEXTFLEXRapidXP_S29_L007_R1_001	0.0	0.0	0.0	0.0	0.0	0.0	0.0	0.0	0.0	0.0	0.0	0.0	0.0	0.0	6.55545984584e-06	3.93327590751e-05	2.62218393834e-05	0.00023599655445	2.62218393834e-05	0.0	0.000288465081236	2.62259259932e-05	4.59125499725e-05	0.0	9.19600751393e-05	0.000151201304223	1.97363811569e-05	0.0	0.000125259575748	0.000785683188506	0.0	0.0	0.0	0.000253417586234	0.00031465618991	1.34605489818e-05	0.0	0.0
lane7-s030-indexRPI29-CAACTA-Mock-2-NEXTFLEXRapidXP_S30_L007_R1_001	0.0	0.0	0.0	0.0	0.0	0.0	0.0	0.0	0.0	0.0	0.0	0.0	0.0	0.0	1.67845360712e-05	0.000100707216427	3.91639174995e-05	0.000279742267854	5.59484535708e-06	0.0	0.000263040940196	5.59824653961e-05	6.1611209297e-05	0.0	7.85454460585e-05	0.000151655215575	3.9371019836e-05	0.0	0.000158115373174	0.000860804658675	0.0	0.0	0.0	0.000196327135055	0.000354907934555	5.87396905969e-06	0.0	0.0
lane7-s031-indexRPI30-CACCGG-Mock-3-NEXTFLEXRapidXP_S31_L007_R1_001	0.0	0.0	0.0	0.0	0.0	0.0	0.0	0.0	0.0	0.0	0.0	0.0	0.0	0.0	1.19129627032e-05	0.00011317314568	3.57388881096e-05	0.000279954623525	1.19129627032e-05	0.0	0.000279973501402	4.76585900647e-05	8.34142203014e-05	0.0	0.000101341970372	0.000143129130804	2.98335176349e-05	0.0	0.000113560097707	0.00083187829441	0.0	0.0	0.0	0.000181525134242	0.000334457577006	0.0	0.0	0.0
lane7-s032-indexRPI31-CACGAT-Mock-4-NEXTFLEXRapidXP_S32_L007_R1_001	0.0	0.0	0.0	0.0	0.0	0.0	0.0	0.0	0.0	0.0	0.0	0.0	0.0	0.0	1.4383753263e-05	6.71241818941e-05	5.27404286311e-05	0.000326031740628	1.9178337684e-05	0.0	0.000249352917192	4.31622734107e-05	5.27650644619e-05	0.0	7.68078614382e-05	0.000163305024728	2.40302496628e-05	0.0	9.62949784817e-05	0.000916005346964	0.0	0.0	0.0	0.000175238242475	0.000268812829195	9.83006182322e-06	0.0	0.0
lane7-s033-indexRPI32-CACTCA-Mock-5-NEXTFLEXRapidXP_S33_L007_R1_001	0.0	0.0	2.26794242964e-05	0.0	0.0	0.0	0.0	0.0	0.0	0.0	0.0	0.0	0.0	0.0	4.53588485928e-06	9.97894669043e-05	2.72153091557e-05	0.000340191364446	2.72153091557e-05	0.0	0.000258628387487	8.16972068224e-05	3.17845248958e-05	0.0	9.09330352306e-05	0.000131978908132	1.36695726204e-05	0.0	0.000100600346285	0.00104065175423	0.0	0.0	0.0	0.000214747304279	0.000319864949255	4.75045571122e-06	0.0	0.0
lane7-s097-index-TTGGAATG-YZ5-1-plexWell96-1_S97_L007_R1_001	0.0	0.0	0.0	0.0	0.0	0.0	0.0	0.0	0.0	0.0	0.0	0.0	0.0	0.0	0.0	9.40090389691e-05	0.000329031636392	0.000658063272784	0.0	4.70987410977e-05	0.000568509410963	4.77144082722e-05	4.81208333373e-05	0.0	0.000147223800789	0.000198505353938	0.0	0.0	0.00015503900006	0.00147058437347	0.0	0.0	0.0	0.00022769927529	0.000292393899026	0.0	0.0	0.0
lane7-s098-index-GGGACAAC-YZ5-2-plexWell96-2_S98_L007_R1_001	0.0	0.0	0.0	0.0	0.0	0.0	0.0	0.0	0.0	0.0	0.0	0.0	0.0	0.0	0.0	0.000109083967384	0.000218167934768	0.000327251902152	3.63613224613e-05	0.0	0.00043984238981	7.38399740083e-05	3.72338801501e-05	3.75848430852e-05	0.000189871350768	0.000192004399205	7.7746774092e-05	3.93933114884e-05	0.000119892576252	0.0010149061293	0.0	0.0	0.0	8.79825125958e-05	0.000225752489486	0.0	0.0	0.0
lane7-s099-index-GCTGGATC-YZ5-3-plexWell96-3_S99_L007_R1_001	0.0	0.0	0.0	0.0	0.0	0.0	0.0	0.0	0.0	0.0	0.0	0.0	0.0	0.0	0.0	3.08659123038e-05	0.000216061386126	0.000277793210734	6.17318246075e-05	0.0	0.000435576385786	6.26656134666e-05	9.47667884104e-05	0.0	0.000160961649277	6.50834679205e-05	3.29307982327e-05	0.0	0.00016911911939	0.00099557279079	0.0	0.0	0.0	0.000148445974758	0.000228422192739	0.0	0.0	0.0
lane7-s100-index-ACACTCAA-YZ5-4-plexWell96-4_S100_L007_R1_001	0.0	0.0	0.0	0.0	0.0	0.0	0.0	0.0	0.0	0.0	0.0	0.0	0.0	0.0	6.45523616482e-05	0.000193657084944	0.000580971254833	0.000580971254833	0.0	0.0	0.000260578849857	0.000262690236986	0.000132570346797	0.0	0.0	0.0	0.0	0.0	7.16353930419e-05	0.00102029289694	0.0	0.0	7.74921674792e-05	0.000476250196453	0.000571429970849	8.4158578326e-05	0.0	0.0
lane7-s101-index-ACTAGCTA-YZ5-5-plexWell96-5_S101_L007_R1_001	0.0	0.0	0.0	0.0	0.0	0.0	0.0	0.0	0.0	0.0	0.0	0.0	0.0	0.0	0.0	0.000138868155102	0.000277736310204	0.00038188742653	3.47170387755e-05	0.0	0.000385338095645	0.0	0.000142495458848	0.0	7.27353397377e-05	0.00014717602326	0.0	0.0	0.00011492610443	0.00136223821187	0.0	0.0	0.0	0.000252362215488	0.000473680788239	0.0	0.0	0.0
lane7-s102-index-GATGATTG-ACR-134-1-plexWell96-6_S102_L007_R1_001	0.0	0.0	0.0	0.0	0.0	0.0	0.0	0.0	0.0	0.0	0.0	0.0	0.0	0.0	0.0	0.000228026770343	0.000836098157924	0.00030403569379	0.0	0.0	0.000382106123098	0.000153639685745	7.73627951487e-05	0.0	7.87771889621e-05	0.000159267370098	0.0	0.0	0.000496799370058	0.00193558051426	0.0	0.0	0.0	0.0	0.0	0.0	0.0	0.0
lane7-s103-index-GCAATCTT-ACR-134-2-plexWell96-7_S103_L007_R1_001	0.0	0.0	0.0	0.0	0.0	0.0	0.000404959949461	0.0	0.0	0.0	0.0	0.0	0.0	0.0	8.09919898922e-05	0.000242975969677	0.000890911888814	0.000404959949461	0.0	0.0	8.14347499994e-05	0.000163723330493	0.0	0.0	0.000167499838781	0.000422678564786	0.0	0.0	0.000175111567958	0.00142145779381	0.0	0.0	0.0	0.0	0.000489272696137	0.0	0.0	0.0
lane7-s104-index-AGAGTGTC-ACR-134-3-plexWell96-8_S104_L007_R1_001	0.0	0.0	0.0	0.0	0.0	0.0	0.0	0.0	0.0	0.0	0.0	0.0	0.0	0.0	0.0	0.000263251418267	0.00131625709134	0.000263251418267	0.0	0.0	0.000264629373331	0.000265956739477	0.000535185789747	0.0	0.0	0.00027455028663	0.0	0.0	0.000570667138418	0.00231796714282	0.0	0.0	0.0	0.0	0.0016080427868	0.0	0.0	0.0
lane7-s105-index-TTAATGCG-ACR-134-4-plexWell96-9_S105_L007_R1_001	0.0	0.0	0.0	0.0	0.0	0.0	0.0	0.0	0.0	0.0	0.0	0.0	0.0	0.0	0.0	0.000129558012839	0.000906906089874	0.000518232051357	0.0	0.0	0.000521307125486	0.0	0.0	0.0	0.000134899243755	0.0	0.0	0.0	0.000286019100356	0.00233208275396	0.0	0.0	0.0	0.000160850577856	0.000831773757538	0.0	0.0	0.0
lane7-s106-index-TCCTATAT-ACR-134-5-plexWell96-10_S106_L007_R1_001	0.0	0.0	0.0	0.0	0.0	0.0	0.0	0.0	0.0	0.0	0.0	0.0	0.0	0.0	0.0	5.94804383708e-05	0.000654284822079	0.00071376526045	5.94804383708e-05	0.0	0.00053806286607	0.00012015844092	0.0	0.0	6.13771811916e-05	0.00037165625513	0.0	0.0	0.000128017205512	0.0018810074676	0.0	0.0	0.0	0.000138783259408	0.000354596348792	0.0	0.0	0.0
lane7-s107-index-CCATATCC-SHI-Plate1-A1-1-plexWell96-11_S107_L007_R1_001	0.0	0.0	0.0	0.0	0.0	0.0	0.0	0.0	0.0	0.0	0.0	0.0	0.0	0.0	1.75863909472e-05	1.75863909472e-05	0.000281382255156	0.000351727818945	0.0	0.0	0.000194850249612	3.56264791669e-05	5.37656570074e-05	1.80354197609e-05	0.0	0.000164593248934	5.52885629894e-05	0.0	7.50085415977e-05	0.000984638503228	1.91343102292e-05	0.0	0.0	0.000179250517735	0.000263553812316	0.0	0.0	0.0
lane7-s108-index-AGCCGACG-SHI-Plate1-A1-2-plexWell96-12_S108_L007_R1_001	0.0	0.0	0.0	0.0	0.0	0.0	0.0	0.0	0.0	0.0	0.0	0.0	0.0	0.0	0.0	0.000106348472038	0.000372219652134	0.000319045416115	0.0	0.0	0.000267683292119	5.3826238138e-05	0.000108327632592	0.0	5.49637486596e-05	0.00016629555043	0.0	0.0	0.000114306746727	0.000578521241854	0.0	0.0	0.0	0.000122986405083	0.000376441299626	0.0	0.0	0.0
lane7-s109-index-CGAATTCA-SHI-Plate1-A1-3-plexWell96-13_S109_L007_R1_001	0.0	0.0	0.0	0.0	0.0	0.0	0.0	0.0	0.0	0.0	0.0	0.0	0.0	0.0	0.0	0.000121151361968	0.000181727042953	0.000242302723937	0.0	0.0	9.14669561901e-05	3.0644559273e-05	9.24541966501e-05	0.0	0.00015607163938	9.4302257596e-05	3.16697729436e-05	0.0	0.0	0.000877828681004	0.0	0.0	3.36901910672e-05	6.83590779317e-05	0.00027826193422	0.0	0.0	0.0
lane7-s110-index-GTCAGACC-SHI-Plate1-A1-4-plexWell96-14_S110_L007_R1_001	0.0	0.0	0.0	0.0	0.0	0.0	0.0	0.0	0.0	0.0	0.0	0.0	0.0	0.0	0.0	6.49951361973e-05	0.000259980544789	0.000259980544789	2.16650453991e-05	0.0	0.000392458688272	8.76548642314e-05	4.40645395685e-05	0.0	6.6915085203e-05	0.000179701784888	0.0	0.0	0.000115131980394	0.000813870587136	0.0	0.0	0.0	7.36095523607e-05	0.000275354036452	0.0	0.0	0.0
lane7-s111-index-CATTGCCT-SHI-Plate1-A1-5-plexWell96-15_S111_L007_R1_001	0.0	0.0	0.0	0.0	0.0	0.0	0.0	0.0	0.0	0.0	0.0	0.0	2.89755547732e-05	0.0	0.0	0.000144877773866	0.000202828883413	0.000405657766825	2.89755547732e-05	0.0	0.000379340973844	0.000146690500939	2.95034945414e-05	0.0	2.98775290208e-05	0.000240722842552	0.0	0.0	0.000154062694889	0.000870837397241	0.0	0.0	0.0	0.000227637612628	0.000461473550973	0.0	0.0	0.0
lane7-s112-index-TAACCGCA-Mock-1-plexWell96-16_S112_L007_R1_001	0.0	0.0	0.0	0.0	0.0	0.0	0.0	0.0	0.0	0.0	0.0	0.0	0.0	0.0	2.58849749369e-05	0.0	0.000284734724306	0.000284734724306	2.58849749369e-05	0.0	0.000260510423283	5.23851756239e-05	5.27106032386e-05	0.0	0.000106978301591	0.000134873044004	5.44562799118e-05	0.0	5.56344173421e-05	0.000901104105965	0.0	0.0	2.94752405032e-05	0.000330130368483	0.000184157766731	0.0	0.0	0.0
lane7-s113-index-GCGCGAAG-Mock-2-plexWell96-17_S113_L007_R1_001	0.0	0.0	0.0	0.0	0.0	0.0	0.0	0.0	0.0	0.0	0.0	0.0	0.0	5.36456223831e-05	0.0	0.000214582489532	0.000268228111915	0.000160936867149	0.0	0.0	0.000485566796727	5.42259650188e-05	5.45629940679e-05	0.0	0.000110802648848	5.58970555108e-05	0.00011289931075	0.0	0.000115488844066	0.000877499337488	0.0	0.0	0.0	0.000250115209318	0.000256290161469	6.56822646719e-05	0.0	0.0
lane7-s114-index-AACACGTG-Mock-3-plexWell96-18_S114_L007_R1_001	0.0	0.0	0.0	0.0	0.0	0.0	0.0	0.0	0.0	0.0	0.0	1.82575871686e-05	0.0	0.0	0.0	5.47727615057e-05	0.00025560622036	0.000419924504877	3.65151743371e-05	0.0	0.000293688990701	9.2223680791e-05	5.56578732793e-05	0.0	5.64359989435e-05	9.48465686029e-05	1.91429436143e-05	0.0	0.000215068353611	0.00116746377399	0.0	2.03347961508e-05	0.0	0.000211149807833	0.00030271278222	0.0	0.0	0.0
lane7-s115-index-GTAGTCAC-Mock-4-plexWell96-19_S115_L007_R1_001	0.0	0.0	0.0	0.0	0.0	0.0	0.0	0.0	0.0	0.0	0.0	0.0	0.0	0.0	0.0	7.50226005584e-05	0.000275082868714	0.000300090402234	2.50075335195e-05	0.0	0.000352033610157	0.000202212610383	0.000127172261186	0.0	0.000180782509344	0.000182427869975	2.63211991728e-05	0.0	5.38790926222e-05	0.00106469234486	2.76975395445e-05	0.0	0.0	0.000206725000524	0.000243336755256	3.13907482675e-05	0.0	0.0
lane7-s116-index-GAGTTCTC-Mock-5-plexWell96-20_S116_L007_R1_001	0.0	0.0	0.0	0.0	0.0	0.0	0.0	0.0	0.0	0.0	0.0	0.0	0.0	0.0	9.67111908871e-06	0.000116053429065	0.000193422381774	0.000251449096306	9.67111908871e-06	0.0	0.000262359156859	3.90287843139e-05	8.82386852514e-05	0.0	7.93465100777e-05	0.00014978224657	1.00593754637e-05	0.0	0.000143231737698	0.000785104420437	0.0	1.05609880691e-05	0.0	0.000174104558493	0.000287875152532	0.0	0.0	0.0
lane7-s117-index-GTGAGGAA-YZ5-1-plexWell96-21_S117_L007_R1_001	0.0	0.0	0.0	0.0	0.0	0.0	0.0	0.0	0.0	0.0	0.0	0.0	0.0	0.0	0.0	0.000258500353284	0.000258500353284	0.000560084098782	0.0	0.0	0.000434462428775	4.37659362715e-05	0.000176622977501	0.0	0.000135214375632	0.000182430484864	9.23931773182e-05	0.0	4.75531751493e-05	0.00116028181311	0.0	0.0	0.0	0.000314859643442	0.000377379037888	0.0	0.0	0.0
lane7-s118-index-GATTCGTA-YZ5-2-plexWell96-22_S118_L007_R1_001	0.0	0.0	0.0	0.0	0.0	0.0	0.0	0.0	0.0	0.0	0.0	0.0	0.0	0.0	0.0	0.000219591194393	0.000548977985983	0.00032938679159	3.65985323989e-05	0.0	0.000258277422421	3.71632268384e-05	7.49765417145e-05	0.0	0.000114740304444	0.000193448517739	0.0	0.0	0.000120828496837	0.000859347697808	0.0	0.0	0.0	0.000177210625017	0.00050052714609	0.0	0.0	0.0
lane7-s119-index-GATGCAAT-YZ5-3-plexWell96-23_S119_L007_R1_001	0.0	0.0	0.0	0.0	0.0	0.0	0.0	0.0	0.0	0.0	0.0	0.0	0.0	0.0	0.0	0.000179445155579	0.000448612888947	0.000299075259298	0.0	0.0	0.00045233327071	0.000121520340986	0.0	0.0	0.000156376176027	0.00022155271103	3.20611470196e-05	0.0	0.000164997170299	0.00134185230634	0.0	0.0	0.0	7.28621073689e-05	0.000412160070981	3.85911453389e-05	0.0	0.0
lane7-s120-index-ACACGGTT-YZ5-4-plexWell96-24_S120_L007_R1_001	0.0	0.0	0.0	0.0	0.0	0.0	0.0	0.0	0.0	0.0	0.0	3.30339903243e-05	0.0	0.0	3.30339903243e-05	0.000132135961297	0.000330339903243	0.000198203941946	6.60679806487e-05	3.31041313625e-05	0.000632872812883	0.0	3.38439711704e-05	0.0	6.90186616108e-05	0.000104692418908	3.53291600174e-05	0.0	0.000145252406923	0.00140194863482	0.0	0.0	0.0	0.000240658827606	0.00045378171367	4.25263546451e-05	0.0	0.0
lane7-s121-index-GAGGCTGC-YZ5-5-plexWell96-25_S121_L007_R1_001	0.0	0.0	0.0	0.0	0.0	0.0	0.0	0.0	0.0	0.0	0.0	0.0	0.0	0.0	0.0	0.000115328392793	0.000269099583184	0.000249878184385	3.84427975977e-05	0.0	0.000484705317586	5.86056428248e-05	0.0	0.0	8.04065192802e-05	0.000182994485156	2.05838442758e-05	0.0	0.000126973888455	0.00120358487756	0.0	0.0	2.27075945323e-05	0.000255181637129	0.000237502048455	0.0	0.0	0.0
lane7-s122-index-ACAGTTCG-ACR-134-1-plexWell96-26_S122_L007_R1_001	0.0	0.0	0.0	0.0	0.0	0.0	0.0	0.0	0.0	0.0	0.0	0.0	0.0	0.0	0.0	0.0	0.000958455318556	0.000348529206748	0.0	0.0	0.00052541889021	0.000176043165784	0.000177223579952	0.0	0.000270518855164	0.00036442152638	0.0	0.0	0.000189200259961	0.00182441450698	0.0	0.0	0.000101505220921	0.0	0.000533443151497	0.0	0.0	0.0
lane7-s123-index-CGGAGATA-ACR-134-2-plexWell96-27_S123_L007_R1_001	0.0	0.0	0.0	0.0	0.0	0.0	0.0	0.0	0.0	0.0	0.0	0.0	0.0	9.19273957428e-05	0.0	0.000183854791486	0.000551564374457	0.000275782187229	0.0	9.20483143192e-05	0.000277256381749	0.0	0.000187246456595	0.0	9.54327781054e-05	0.000289574451039	0.0	0.0	0.00010068252685	0.00174117888052	0.0	0.000106492530081	0.0	0.000112771737598	0.000357598369351	0.0	0.0	0.0
lane7-s124-index-TCGCCAGC-ACR-134-3-plexWell96-28_S124_L007_R1_001	0.0	0.0	0.0	0.0	0.0	0.0	0.0	0.0	0.0	0.0	0.0	0.0	6.37905628241e-05	0.0	0.0	6.37905628241e-05	0.00114823013083	0.000318952814121	0.0	0.0	0.000513048424717	0.0	0.0	0.0	0.000132166916242	6.67785429857e-05	6.75556083991e-05	6.83977218087e-05	0.000346756989927	0.00260568885258	0.0	0.0	0.0	0.000380679451913	0.000390865015549	8.06144757802e-05	0.0	0.0
lane7-s125-index-TGCACTGT-ACR-134-4-plexWell96-29_S125_L007_R1_001	0.0	0.0	0.0	0.0	0.0	0.0	0.000693842150911	0.0	0.0	0.0	0.0	0.0	0.0	0.0	0.0	0.000138768430182	0.00166522116219	0.000555073720729	0.000138768430182	0.0	0.000139618005138	0.000140461472121	0.000141554637967	0.0	0.000144464203937	0.000438427273684	0.0	0.0	0.000152637965641	0.00139862313323	0.000158467555353	0.0	0.0	0.000169985347263	0.000350486124254	0.0	0.0	0.0
lane7-s126-index-GTACGCGA-ACR-134-5-plexWell96-30_S126_L007_R1_001	0.0	0.0	0.0	0.0	0.0	0.0	0.000212351645831	0.0	0.0	0.0	0.0	0.0	0.0	0.0	0.0	4.24703291663e-05	0.00127410987499	0.000552114279162	0.0	0.0	0.000170737620669	0.000128709902039	8.63386374036e-05	0.0	0.000306742686268	0.000309385564688	0.0	0.0	9.1271688435e-05	0.00115530806289	0.0	0.0	0.0	0.000147714923983	0.000251434054128	0.0	0.0	0.0
lane7-s127-index-CTATCCGG-SHI-Plate1-A1-1-plexWell96-31_S127_L007_R1_001	0.0	0.0	0.0	0.0	0.0	0.0	0.0	0.0	0.0	0.0	0.0	0.0	0.0	0.0	0.0	6.77089328395e-05	0.00032500287763	0.000406253597037	0.0	0.0	0.000272402890413	2.73664598857e-05	5.50105310785e-05	0.0	9.73831749697e-05	0.000168027738019	1.41027930017e-05	0.0	0.00011465432795	0.00108474505671	0.0	0.0	0.0	0.000197680658453	0.000232346506089	1.5806705489e-05	0.0	0.0
lane7-s128-index-CTTAGAGT-SHI-Plate1-A1-2-plexWell96-32_S128_L007_R1_001	0.0	0.0	0.0	0.0	0.0	0.0	0.0	0.0	0.0	0.0	0.0	0.0	0.0	0.0	0.0	9.64953686244e-05	0.000225155860124	0.00036989891306	1.60825614374e-05	0.0	0.000355978472364	1.62589544159e-05	8.17290867118e-05	0.0	0.00014888283285	0.000166538432074	8.3878121734e-05	0.0	8.52371040523e-05	0.00104954217594	0.0	0.0	0.0	0.00028951772138	0.000350137410505	1.87987239426e-05	0.0	0.0
lane7-s129-index-CAAGGACC-SHI-Plate1-A1-3-plexWell96-33_S129_L007_R1_001	0.0	0.0	0.0	0.0	0.0	0.0	0.0	0.0	0.0	0.0	0.0	0.0	0.0	0.0	0.0	8.0210418665e-05	0.000253999659106	0.000294104868438	1.33684031108e-05	1.339571988e-05	0.000350168255847	2.70920846411e-05	0.000109037981064	0.0	6.91008978141e-05	0.00022282648432	1.40414295186e-05	0.0	0.000114429061205	0.000852752236162	0.0	1.47939389232e-05	1.50219575954e-05	0.000106770956469	0.000451012219165	1.58836175574e-05	0.0	0.0
lane7-s130-index-AGACAGAG-SHI-Plate1-A1-4-plexWell96-34_S130_L007_R1_001	0.0	0.0	0.0	0.0	0.0	0.0	0.0	0.0	0.0	0.0	0.0	0.0	0.0	0.0	0.0	0.0	0.0	0.000513934036566	0.0	0.0	0.000259486838828	0.000523090523431	0.0	0.0	0.0	0.000273330836912	0.0	0.0	0.000286431182044	0.00116709265549	0.0	0.0	0.0	0.000320439899895	0.0	0.0	0.0	0.0
lane7-s131-index-TCGGATCA-SHI-Plate1-A1-5-plexWell96-35_S131_L007_R1_001	0.0	0.0	0.0	0.0	0.0	0.0	0.0	0.0	0.0	0.0	0.0	0.0	0.0	0.0	0.0	0.000108854793149	0.000217709586297	0.000217709586297	0.0	0.0	0.000328656730643	0.0	0.000276818601324	0.0	0.000112077405139	0.000282134243987	5.68497075651e-05	0.0	0.000231203047719	0.00105006046598	0.0	0.0	0.0	0.000244047081563	0.000309490974005	0.0	0.0	0.0
lane7-s132-index-TAATGGAC-Mock-1-plexWell96-36_S132_L007_R1_001	0.0	0.0	0.0	0.0	0.0	0.0	0.0	0.0	0.0	0.0	0.0	0.0	3.01504507492e-05	0.0	3.01504507492e-05	0.0	0.000241203605994	0.000211053155245	0.0	0.0	0.000212274049437	6.09567280379e-05	0.000122634382757	0.0	6.22228167958e-05	0.000156869093683	3.16740060618e-05	3.20045267203e-05	3.23665341689e-05	0.00144188309933	0.0	0.0	0.0	6.99970566238e-05	0.000214958072428	0.0	0.0	0.0
lane7-s133-index-TAGCAACT-Mock-2-plexWell96-37_S133_L007_R1_001	0.0	0.0	0.0	0.0	0.0	0.0	0.0	0.0	0.0	0.0	0.0	0.0	0.0	0.0	0.0	5.28086965361e-05	0.000343256527485	0.000290447830949	2.64043482681e-05	0.0	0.000371768732231	5.33746951638e-05	2.68409467231e-05	0.0	0.000136116980022	0.000219546258259	2.76881834309e-05	0.0	0.000113043655199	0.0013725846799	0.0	0.0	0.0	0.000182751042823	0.000218214624058	0.0	0.0	0.0
lane7-s134-index-ATAGCACA-Mock-3-plexWell96-38_S134_L007_R1_001	0.0	0.0	0.0	0.0	0.0	0.0	0.0	0.0	0.0	0.0	0.0	0.0	3.61447307308e-05	0.0	3.61447307308e-05	0.000108434192192	0.000253013115116	0.000397592038039	3.61447307308e-05	0.0	0.000508999104162	7.30834415577e-05	3.67640030411e-05	0.0	0.000186474414032	0.00033845643558	0.0	0.0	0.000154914167869	0.00129312777043	0.0	0.0	0.0	4.16640279449e-05	0.000340465953192	0.0	0.0	0.0
lane7-s135-index-ATCAACCG-Mock-4-plexWell96-39_S135_L007_R1_001	0.0	0.0	0.0	0.0	0.0	0.0	0.0	0.0	0.0	0.0	0.0	0.0	4.47174194472e-05	0.0	0.0	0.0	0.00031302193613	0.00062604387226	0.0	0.0	0.000405544057631	4.53691071768e-05	0.0	0.0	0.000139978583277	4.72028533181e-05	0.0	4.84729564529e-05	4.920952283e-05	0.000750753381018	0.0	0.0	0.0	0.000327465157707	0.00045039009412	0.0	0.0	0.0
lane7-s136-index-TTCCTCAT-Mock-5-plexWell96-40_S136_L007_R1_001	0.0	5.6507902065e-05	0.0	0.0	0.0	0.0	0.0	0.0	0.0	0.0	0.0	0.0	0.0	0.0	3.3904741239e-05	7.9111062891e-05	0.000327745831977	0.000316444251564	3.3904741239e-05	0.0	0.000306795590507	9.13377451748e-05	5.74023353796e-05	0.0	5.81588355019e-05	0.000199235428184	3.54456750133e-05	1.19212899217e-05	0.000132404782605	0.00113136883098	0.0	0.0	1.26399894633e-05	0.000230987158269	0.000313542324099	0.0	0.0	0.0
lane7-s137-index-AGCTACGT-YZ5-1-plexWell96-41_S137_L007_R1_001	0.0	0.0	0.0	0.0	0.0	0.0	0.0	0.0	0.0	0.0	0.0	5.56486124018e-05	0.0	0.0	0.0	0.000166945837206	0.000278243062009	0.000556486124018	5.56486124018e-05	0.0	0.000280268429891	0.000112866052826	0.0	0.0	0.000347944892488	5.86442160969e-05	5.93766402797e-05	0.0	0.00024449489189	0.00161574581584	0.0	0.0	0.0	0.000543250553267	0.000209532177507	0.0	0.0	0.0
lane7-s138-index-ATTCCATC-YZ5-2-plexWell96-42_S138_L007_R1_001	0.0	0.0	0.0	0.0	0.0	0.0	0.0	0.0	0.0	0.0	0.0	0.0	0.0	4.28280198037e-05	0.0	0.000214140099018	0.000385452178233	0.000428280198037	4.28280198037e-05	0.0	0.000172741629912	4.35006164037e-05	4.38602647055e-05	0.0	4.47216191015e-05	0.000180824714399	9.14698426216e-05	0.0	0.000140898717775	0.000715184803753	0.0	0.0	0.0	0.000411770246614	0.000210970241593	0.0	0.0	0.0
lane7-s139-index-GTTGTAGG-YZ5-3-plexWell96-43_S139_L007_R1_001	0.0	0.0	0.0	0.0	0.0	0.0	0.0	0.0	0.0	0.0	0.0	0.0	0.0	0.0	0.0	0.000169671621785	0.00033934324357	0.00033934324357	0.0	0.0	0.000598268866302	8.60451168966e-05	0.0	0.0	8.8519115039e-05	0.000134341912706	9.06941046565e-05	0.0	9.34274272095e-05	0.000855038241585	0.0	0.0	0.0	0.000258508684082	0.00074551320863	0.0	0.0	0.0
lane7-s140-index-TGTGACTA-YZ5-4-plexWell96-44_S140_L007_R1_001	0.0	0.0	0.0	0.0	0.0	0.0	0.0	0.0	0.0	0.0	0.0	0.0	0.0	0.0	0.0	8.60924159039e-05	0.000258277247712	0.00021523103976	4.30462079519e-05	0.0	0.000390547365151	0.000131131661871	0.0	0.0	9.00308400643e-05	0.000364321785395	0.0	0.0	0.000142521606276	0.00135224218658	0.0	0.0	5.13418975041e-05	0.000315588161657	0.000270695481659	0.0	0.0	0.0
lane7-s141-index-CGAAACGC-YZ5-5-plexWell96-45_S141_L007_R1_001	0.0	0.0	0.0	0.0	0.0	0.0	0.0	0.0	0.0	0.0	0.0	0.0	0.0	0.0	5.6360572398e-05	0.000140901430995	0.000394524006786	0.000366343720587	2.8180286199e-05	0.0	0.000483331049357	0.000143255680159	0.0	0.0	0.000176945530857	0.000208803825525	0.0	0.0	0.000124188582847	0.0011035648297	0.0	0.0	0.0	0.000408198531438	0.000522237390317	0.0	0.0	0.0
lane7-s142-index-GTGTGATT-ACR-134-1-plexWell96-46_S142_L007_R1_001	0.0	0.0	0.0	0.0	0.0	0.0	0.0	0.0	0.0	0.0	0.0	0.0	0.0	0.0	6.63825493554e-05	0.000199147648066	0.000796590592265	0.000398295296133	0.0	0.0	0.0003336280381	0.000201194154371	0.0	0.0	0.000274670944209	0.000277426371041	7.01344407094e-05	0.0	0.00021589505773	0.00138770203846	0.0	7.55987610875e-05	0.0	0.0	0.000243086616623	0.0	0.0	0.0
lane7-s143-index-AGGCTGGA-ACR-134-2-plexWell96-47_S143_L007_R1_001	0.0	0.0	0.0	0.0	0.0	0.0	0.0	0.0	0.0	0.0	0.0	0.0	0.000306753171061	0.0	0.0	0.000306753171061	0.000920259513183	0.000306753171061	0.0	0.0	0.000308438253746	0.0	0.0	0.0	0.000318437871179	0.0	0.0	0.0	0.0	0.0	0.0	0.0	0.0	0.000372678214722	0.00038347969475	0.0	0.0	0.0
lane7-s144-index-CGTGCTGG-ACR-134-3-plexWell96-48_S144_L007_R1_001	0.0	0.0	0.0	0.0	0.0	0.0	0.0	0.0	0.0	0.0	0.0	0.0	5.66686217341e-05	0.0	5.66686217341e-05	0.000170005865202	0.00102003519121	0.000566686217341	0.0	0.0	0.000341701411056	0.0	0.0	0.0	0.000292727192893	0.000295523644256	5.97180353244e-05	0.0	0.000306007477599	0.00167581849768	0.0	0.0	0.0	0.000468593523234	0.000618382448932	0.0	0.0	0.0
lane7-s145-index-AATAGGAT-ACR-134-4-plexWell96-49_S145_L007_R1_001	0.0	0.0	0.0	0.0	0.0	0.0	0.0	0.0	0.0	0.0	0.0	0.0	0.0	0.0	0.0	0.000105509160833	0.00126610992999	0.00073856412583	0.000211018321666	0.0	0.000530400431109	0.0	0.000107523181998	0.0	0.000109614027088	0.000110855773313	0.000112283727505	0.0	0.0	0.001410160441	0.0	0.0	0.0	0.000128281274654	0.000925010703695	0.0	0.0	0.0
lane7-s146-index-CGTCTGCC-ACR-134-5-plexWell96-50_S146_L007_R1_001	0.0	0.0	0.0	0.0	0.0	0.0	0.0	0.0	0.0	0.0	0.0	0.0	0.0	0.0	0.0	0.000111361984916	0.00116930084162	0.000389766947206	5.5680992458e-05	0.0	0.000279872937686	0.0	0.000113220407299	0.0	0.000230056012888	0.000406433257853	0.000175961232221	0.0	0.000300098432286	0.00182459221884	0.0	0.0	0.0	0.000129893409468	0.000331905916621	0.0	0.0	0.0
lane7-s147-index-GAATCTAG-SHI-Plate1-A1-1-plexWell96-51_S147_L007_R1_001	0.0	0.0	0.0	0.0	0.0	0.0	0.0	0.0	0.0	0.0	0.0	0.0	2.05328479368e-05	0.0	2.05328479368e-05	8.21313917472e-05	0.000184795631431	0.000390124110799	4.10656958736e-05	0.0	0.000289245620563	8.30485632702e-05	4.17491386109e-05	0.0	0.000105664482723	0.000148944758304	2.14339988233e-05	0.0	0.000152584830626	0.000594240619912	0.0	0.0	0.0	0.000208713752799	0.000402516342755	0.0	0.0	0.0
lane7-s148-index-ATGCGTCA-SHI-Plate1-A1-2-plexWell96-52_S148_L007_R1_001	0.0	0.0	0.0	0.0	0.0	0.0	0.00011691913405	0.0	0.0	0.0	0.0	0.0	0.0	0.0	0.0	4.67676536201e-05	0.0002338382681	0.0002338382681	2.338382681e-05	0.0	0.000258848439767	0.0	7.13416195832e-05	0.0	0.0	7.27029855239e-05	4.88322857587e-05	0.0	0.00012417109585	0.000952712133265	0.0	0.0	0.0	0.000210793079979	0.000294883634897	0.0	0.0	0.0
lane7-s149-index-GCAAGTAC-SHI-Plate1-A1-3-plexWell96-53_S149_L007_R1_001	0.0	0.0	0.0	0.0	0.0	0.0	0.0	0.0	0.0	0.0	0.0	1.63725340917e-05	0.0	0.0	0.0	6.54901363668e-05	0.000261960545467	0.000360195750018	4.91176022751e-05	0.0	0.000280020088971	9.93099448482e-05	6.65509567366e-05	0.0	6.73336740417e-05	0.000135553588146	3.41237881363e-05	0.0	6.93578073916e-05	0.00101487047716	1.76708198395e-05	0.0	0.0	0.000220809938214	0.000393509270704	1.91182984867e-05	0.0	0.0
lane7-s150-index-ACTGACCT-SHI-Plate1-A1-4-plexWell96-54_S150_L007_R1_001	0.0	0.0	0.0	0.0	0.0	0.0	0.0	0.0	0.0	0.0	0.0	0.0	0.0	0.0	0.0	0.000207441827385	0.000237076374154	0.000207441827385	2.96345467692e-05	0.0	0.000357960306378	0.0	3.01504325683e-05	0.0	3.05286555699e-05	0.000122967614327	6.19522837315e-05	0.0	0.000157539261935	0.00127265808641	0.0	0.0	0.0	0.000201119700412	0.000341591303085	0.0	0.0	0.0
lane7-s151-index-GAAGACCA-SHI-Plate1-A1-5-plexWell96-55_S151_L007_R1_001	0.0	0.0	0.0	0.0	0.0	0.0	0.0	0.0	0.0	0.0	0.0	0.0	0.0	0.0	0.0	3.21096093625e-05	0.000369260507669	0.000240822070219	0.0	0.0	0.000420312745014	3.25108045595e-05	9.80931188168e-05	0.0	0.000115902809203	0.000216756331536	0.0	0.0	0.000102444933714	0.00091328386896	0.0	0.0	0.0	0.000234300049329	0.000456829185172	1.85628252323e-05	0.0	0.0
lane7-s152-index-CAGAAGCG-Mock-1-plexWell96-56_S152_L007_R1_001	0.0	0.0	0.0	0.0	0.0	0.0	0.0	0.0	0.0	0.0	0.0	0.0	0.0	0.0	2.05492823163e-05	0.000184943540847	0.000184943540847	0.000328788517061	0.0	0.0	0.000268514653361	6.22473277222e-05	4.17270230669e-05	0.0	6.34242230638e-05	8.52123363604e-05	0.0	0.0	6.57443321263e-05	0.00101956387933	0.0	0.0	0.0	0.000235964367493	0.000313785540135	0.0	0.0	0.0
lane7-s153-index-AGCTCTAC-Mock-2-plexWell96-57_S153_L007_R1_001	0.0	0.0	0.0	0.0	0.0	0.0	0.0	0.0	0.0	0.0	0.0	0.0	0.0	0.0	0.000117322007849	0.000117322007849	0.000234644015698	0.000234644015698	0.0	0.0	0.0	0.000356529117733	0.0	0.0	0.000121967432256	0.000246509122686	0.0	0.0	0.0	0.00116918648005	0.0	0.0	0.0	0.000140308735341	0.00028771306951	0.0	0.0	0.0
lane7-s154-index-CCACTACT-Mock-3-plexWell96-58_S154_L007_R1_001	0.0	0.0	0.0	0.0	0.0	0.0	0.0	0.0	0.0	0.0	0.0	0.0	0.0	0.0	2.41741213613e-05	7.2522364084e-05	0.000314263577697	0.000507656548588	2.41741213613e-05	0.0	0.000462336713015	0.000122358314578	7.39113231654e-05	0.0	0.000175294450854	0.000176939477852	2.55356289694e-05	0.0	7.83829493048e-05	0.00124431585926	0.0	0.0	2.77935351681e-05	0.000169993245602	0.000232104321608	0.0	0.0	0.0
lane7-s155-index-GACCTACA-Mock-4-plexWell96-59_S155_L007_R1_001	0.0	0.0	0.0	0.0	0.0	0.0	0.0	0.0	0.0	0.0	0.0	0.0	0.0	0.0	4.59933999471e-05	4.59933999471e-05	0.000229966999736	0.000413940599524	9.19867998942e-05	4.60716755485e-05	0.00023158526599	4.6623546103e-05	9.39977280749e-05	0.0	0.000239582934028	0.000290779949366	4.9084114957e-05	4.97708054409e-05	0.0	0.000667628393927	0.0	5.33382262266e-05	0.0	0.000111788799657	5.76387479942e-05	0.0	0.0	0.0
lane7-s156-index-CACGTCCG-Mock-5-plexWell96-60_S156_L007_R1_001	0.0	0.0	0.0	0.0	0.0	0.0	0.0	0.0	0.0	0.0	0.0	0.0	0.0	0.0	0.0	0.00014810046908	0.000182277500406	0.000341770313261	2.27846875507e-05	0.0	0.000286343751092	2.30165224106e-05	4.62845537336e-05	0.0	0.000117200291313	0.000118069762464	4.76078484395e-05	1.20062879331e-05	8.48522492028e-05	0.000820685085861	0.0	0.0	0.0	0.000245724173064	0.000513531218419	1.34314347418e-05	0.0	0.0
lane7-s551-index--TAAGGCGA-CTCCTTAC-YZ5-1-NexteraFlex-Full_S551_L007_R1_001	0.0	0.0	0.0	0.0	0.0	0.0	0.0	0.0	0.0	0.0	0.0	0.0	0.0	0.0	0.0	7.22909139464e-05	0.000106310167568	0.000174348674812	1.70096268109e-05	0.0	0.00025604745686	2.56627073386e-05	0.0	0.0	0.0	0.000129768056901	8.68113505146e-06	0.0	6.1178201263e-05	0.000596330428093	0.0	0.0	0.0	0.000236304093407	0.000250934698143	0.0	0.0	0.0
lane7-s552-index--CGTACTAG-TCTTACGC-YZ5-2-NexteraFlex-Full_S552_L007_R1_001	0.0	0.0	0.0	0.0	3.80001147603e-05	0.0	0.0	0.0	0.0	0.0	0.0	0.0	0.0	0.0	0.0	5.32001606645e-05	0.000190000573802	0.000136800413137	2.28000688562e-05	0.0	0.000382960641144	3.07873740056e-05	0.0	0.0	0.0	0.000118357463527	2.3848222282e-05	0.0	8.0660220033e-05	0.00062563787641	0.0	0.0	0.0	0.000201829873731	0.000280248612791	0.0	0.0	0.0
lane7-s553-index--AGGCAGAA-TATGCAGT-YZ5-3-NexteraFlex-Full_S553_L007_R1_001	0.0	0.0	0.0	0.0	0.0	0.0	0.0	0.0	0.0	0.0	0.0	0.0	0.0	0.0	0.0	4.95412275903e-05	0.000123853068976	0.000123853068976	1.65137425301e-05	0.0	0.000198997780843	8.31313242155e-06	0.0	0.0	0.0	0.000143210946101	8.45796425597e-06	0.0	4.26262728738e-05	0.000573514501143	0.0	0.0	0.0	0.000227023120908	0.000219561102625	0.0	0.0	0.0
lane7-s554-index--GGACTCCT-AGAGGATA-YZ5-4-NexteraFlex-Full_S554_L007_R1_001	0.0	0.0	0.0	0.0	0.0	0.0	0.0	0.0	0.0	0.0	0.0	0.0	0.0	0.0	0.0	3.98373361889e-05	7.170720514e-05	0.000119512008567	2.39024017133e-05	0.0	0.000367712096137	2.40325304332e-05	0.0	0.0	8.07857349842e-06	0.000105319595553	1.62617689471e-05	0.0	9.01047902328e-05	0.000904636806415	0.0	0.0	0.0	0.000167940565834	0.000278916640437	0.0	0.0	0.0
lane7-s555-index--TAGGCATG-ACTCTAGG-YZ5-5-NexteraFlex-Full_S555_L007_R1_001	0.0	0.0	0.0	0.0	0.0	0.0	0.0	0.0	0.0	0.0	0.0	0.0	0.0	0.0	1.05714447306e-05	6.34286683838e-05	0.00033828623138	0.00016914311569	4.22857789225e-05	0.0	0.000363597670622	3.23043848357e-05	0.0	0.0	0.0	0.000167146544396	3.37632558763e-05	0.0	9.17353975021e-05	0.00076385493978	0.0	0.0	0.0	0.000253368595807	0.000158623247823	1.23557176516e-05	0.0	0.0
lane7-s556-index--CGAGGCTG-TCGCATAA-ACR-134-1-NexteraFlex-Full_S556_L007_R1_001	0.0	0.0	0.0	0.0	0.0	0.0	0.0	0.0	0.0	0.0	0.0	0.0	0.0	0.0	3.60363606879e-05	7.20727213759e-05	0.000324327246191	0.000144145442752	7.20727213759e-05	0.0	0.000325919627496	3.63257519067e-05	0.0	0.0	0.0	7.37582793669e-05	7.40910326882e-05	0.0	3.73741937919e-05	0.000788454029376	0.0	0.0	0.0	0.000154023933009	0.000272198994575	0.0	0.0	0.0
lane7-s557-index--AAGAGGCA-CTAGTCGA-ACR-134-2-NexteraFlex-Full_S557_L007_R1_001	0.0	0.0	0.0	0.0	0.0	0.0	0.0	0.0	0.0	0.0	0.0	0.0	0.0	0.0	0.0	3.82245097468e-05	0.000305796077974	0.00017201029386	1.91122548734e-05	0.0	0.00026823530674	3.83784343901e-05	0.0	0.0	0.0	0.000154712394493	3.87712311262e-05	0.0	9.73879575895e-05	0.000566196469785	0.0	0.0	0.0	0.00023764672705	0.000259024926566	0.0	0.0	0.0
lane7-s558-index--GCTCATGA-ATTAGACG-ACR-134-3-NexteraFlex-Full_S558_L007_R1_001	0.0	0.0	0.0	0.0	0.0	0.0	0.0	0.0	0.0	0.0	0.0	0.0	0.0	0.0	0.0	2.07191191888e-05	0.000145033834322	0.000124314715133	0.0	0.0	0.000332342468112	4.16082244481e-05	0.0	0.0	0.0	0.00012582401624	0.0	0.0	0.000126772463922	0.000974464579378	0.0	0.0	0.0	0.000258288088076	0.000325094640468	0.0	0.0	0.0
lane7-s559-index--CGTACTAG-TATGCAGT-ACR-134-4-NexteraFlex-Full_S559_L007_R1_001	0.0	0.0	0.0	0.0	0.0	0.0	0.0	0.0	0.0	0.0	0.0	0.0	0.0	0.0	0.0	5.85045648187e-05	0.0003120243457	9.75076080311e-05	3.90030432124e-05	0.0	0.00025449681184	5.88747273364e-05	0.0	0.0	0.0	7.94332280314e-05	5.97830949748e-05	0.0	6.02119097953e-05	0.000946872781396	0.0	0.0	0.0	0.000226310486878	0.00045645293742	0.0	0.0	0.0
lane7-s560-index--AGGCAGAA-CTCCTTAC-ACR-134-5-NexteraFlex-Full_S560_L007_R1_001	0.0	0.0	0.0	0.0	0.0	0.0	0.0	0.0	0.0	0.0	0.0	0.0	0.0	0.0	0.0	8.37615058644e-05	0.000837615058644	0.000223364015638	0.0	0.0	0.000281861043915	5.66884827569e-05	0.0	1.43575224085e-05	0.0	0.00016015227861	2.93496599622e-05	0.0	0.000149004715552	0.0011111251253	0.0	0.0	0.0	0.000187311342357	0.00034781838821	0.0	0.0	0.0
lane7-s561-index--TAAGGCGA-TCTTACGC-SHI-Plate1-A1-1-NexteraFlex-Full_S561_L007_R1_001	0.0	0.0	0.0	0.0	0.0	0.0	0.0	0.0	0.0	0.0	0.0	0.0	0.0	0.0	0.0	8.56341190044e-05	8.56341190044e-05	0.000151506518239	1.31744798468e-05	0.0	0.000336723500752	4.62861053939e-05	0.0	0.0	0.0	0.000140077061061	2.67645750508e-05	0.0	8.75677976834e-05	0.000797701106533	0.0	0.0	0.0	0.000234633976173	0.000284922716798	0.0	0.0	0.0
lane7-s562-index--CTCTCTAC-AGAGGATA-SHI-Plate1-A1-2-NexteraFlex-Full_S562_L007_R1_001	0.0	0.0	0.0	0.0	0.0	0.0	0.0	0.0	0.0	0.0	0.0	0.0	0.0	0.0	0.0	2.91048053125e-05	7.27620132813e-05	0.000203733637188	2.18286039844e-05	0.0	0.000277352058587	2.19391904146e-05	0.0	0.0	0.0	0.000125661515481	7.41851099505e-06	0.0	8.22071944149e-05	0.000765164376437	0.0	0.0	0.0	0.000214443866637	0.000292991421597	0.0	0.0	0.0
lane7-s563-index--GTAGAGGA-ACTCTAGG-SHI-Plate1-A1-3-NexteraFlex-Full_S563_L007_R1_001	0.0	0.0	0.0	0.0	4.22144163076e-05	0.0	0.0	0.0	0.0	0.0	0.0	0.0	0.0	0.0	0.0	6.75430660922e-05	7.59859493537e-05	0.000118200365661	2.53286497846e-05	0.0	0.00023684357218	3.3874684669e-05	0.0	0.0	0.0	0.000119346696185	2.56300879462e-05	0.0	3.43274770943e-05	0.000584906588697	0.0	0.0	0.0	0.000217651104061	0.000279697590965	0.0	0.0	0.0
lane7-s564-index--AAGAGGCA-ATTAGACG-SHI-Plate1-A1-4-NexteraFlex-Full_S564_L007_R1_001	0.0	0.0	0.0	0.0	0.0	0.0	0.0	0.0	0.0	0.0	0.0	0.0	0.0	0.0	5.12062004564e-06	3.58443403195e-05	3.58443403195e-05	0.000128015501141	2.04824801826e-05	0.0	0.000205150571801	1.02677511192e-05	0.0	0.0	0.0	0.000108410681343	3.62036725523e-05	0.0	5.71086186718e-05	0.000514998552542	0.0	0.0	0.0	0.000184029460698	0.000226879884513	0.0	0.0	0.0
lane7-s565-index--GCTCATGA-TCGCATAA-SHI-Plate1-A1-5-NexteraFlex-Full_S565_L007_R1_001	0.0	0.0	0.0	0.0	0.0	0.0	4.40890086542e-05	0.0	0.0	0.0	0.0	0.0	0.0	0.0	0.0	6.17246121159e-05	0.000114631422501	0.000246898448464	1.76356034617e-05	0.0	0.000204013929716	2.67052361491e-05	0.0	0.0	0.0	0.000145285024247	1.82783361048e-05	0.0	6.47702193194e-05	0.000735492640419	0.0	0.0	9.52295699242e-06	0.000191998371854	0.000232500352383	0.0	0.0	0.0
lane7-s566-index--CGAGGCTG-CTAGTCGA-Mock-1-NexteraFlex-Full_S566_L007_R1_001	0.0	0.0	0.0	0.0	0.0	0.0	0.0	0.0	0.0	0.0	0.0	0.0	0.0	0.0	5.95378257203e-06	3.57226954322e-05	8.33529560084e-05	0.000178613477161	2.97689128601e-05	0.0	0.000286924766652	1.79780118129e-05	0.0	0.0	0.0	0.000115388628293	3.04931746517e-05	0.0	9.83909331279e-05	0.000611319261546	0.0	0.0	0.0	0.000157627218564	0.000222133679033	6.39921857862e-06	0.0	0.0
lane7-s567-index--AGGCAGAA-TCTTACGC-Mock-2-NexteraFlex-Full_S567_L007_R1_001	0.0	0.0	0.0	0.0	0.0	0.0	0.0	0.0	0.0	0.0	0.0	0.0	0.0	0.0	0.0	4.27020516201e-05	8.54041032401e-05	0.000164707913392	0.0	0.0	0.000311869858543	6.12504224748e-05	0.0	0.0	0.0	0.00011123324109	1.23965630777e-05	0.0	7.48476569502e-05	0.00070711989005	0.0	0.0	0.0	0.000216536980122	0.000326660450297	0.0	0.0	0.0
lane7-s568-index--TAAGGCGA-TATGCAGT-Mock-3-NexteraFlex-Full_S568_L007_R1_001	0.0	0.0	0.0	0.0	0.0	0.0	0.0	0.0	0.0	0.0	0.0	0.0	0.0	0.0	0.0	2.53278746135e-05	7.1762311405e-05	0.000156188560117	1.26639373068e-05	0.0	0.000224208521709	1.69456119147e-05	0.0	0.0	0.0	0.000136643260103	2.56884152782e-05	0.0	9.90061376487e-05	0.000854719745166	0.0	0.0	0.0	0.000188468580578	0.000356769727604	0.0	0.0	0.0
lane7-s569-index--CGTACTAG-CTCCTTAC-Mock-4-NexteraFlex-Full_S569_L007_R1_001	0.0	0.0	0.0	0.0	0.0	0.0	0.0	0.0	0.0	0.0	0.0	0.0	0.0	0.0	0.0	2.70658824177e-05	7.21756864472e-05	0.0001533733337	9.0219608059e-06	0.0	0.000235166744528	3.62401628343e-05	0.0	0.0	0.0	0.000173719447664	2.75119713758e-05	0.0	9.2271002518e-05	0.000731250460503	0.0	0.0	0.0	0.000291815213946	0.000302882160383	0.0	0.0	0.0
lane7-s570-index--TAGCGCTC-AGAGGATA-Mock-5-NexteraFlex-Full_S570_L007_R1_001	0.0	0.0	0.0	0.0	0.0	0.0	0.0	0.0	0.0	0.0	0.0	0.0	5.878108601e-06	0.0	5.878108601e-06	5.58420317095e-05	0.00041440665637	0.000202794746734	5.878108601e-06	0.0	0.000266169314847	3.32501686161e-05	0.0	0.0	0.0	0.000175670105595	3.24846491354e-05	0.0	0.000127463624481	0.000899472132514	0.0	0.0	7.2022616542e-06	0.000143078232793	0.000269602962457	0.0	0.0	0.0
lane7-s571-index--GGACTCCT-CTCCTTAC-YZ5-1-NexteraFlex-Reduced_S571_L007_R1_001	0.0	0.0	0.0	0.0	0.0	0.0	0.0	0.0	0.0	8.68497720411e-06	0.0	0.0	1.73699544082e-05	0.0	8.68497720411e-06	5.21098632246e-05	0.0006340033359	0.000225809407307	0.0	0.0	0.000433020169538	5.55105149405e-05	0.0	0.0	0.0	0.000196789146851	3.20027240719e-05	0.0	0.000191985335031	0.000871317145732	0.0	0.0	1.2638173147e-05	0.000221004760443	0.000414147768725	0.0	0.0	0.0
lane7-s572-index--CTCTCTAC-TCTTACGC-YZ5-2-NexteraFlex-Reduced_S572_L007_R1_001	0.0	0.0	0.0	0.0	0.0	0.0	0.0	0.0	0.0	0.0	0.0	0.0	0.0	0.0	7.86847683599e-06	7.08162915239e-05	0.000684557484731	0.000165238013556	7.86847683599e-06	0.0	0.000474880072313	3.36167420788e-05	0.0	0.0	0.0	0.000132358293902	9.74906776977e-06	0.0	9.30896645855e-05	0.000852108660044	0.0	0.0	2.32380314552e-05	0.000143582319034	0.000332334360862	0.0	0.0	0.0
lane7-s573-index--TAGCGCTC-TATGCAGT-YZ5-3-NexteraFlex-Reduced_S573_L007_R1_001	0.0	0.0	0.0	0.0	0.0	0.0	5.12316865932e-05	0.0	0.0	0.0	0.0	0.0	0.0	0.0	0.0	0.000122956047824	0.000686504600349	0.000286897444922	4.09853492746e-05	0.0	0.000458457365597	7.66127783329e-05	0.0	0.0	0.0	0.000197071468707	1.27033456293e-05	0.0	8.09185550697e-05	0.000930842565347	0.0	0.0	0.0	0.000172017021553	0.000241418186998	0.0	0.0	0.0
lane7-s574-index--TAGGCATG-AGAGGATA-YZ5-4-NexteraFlex-Reduced_S574_L007_R1_001	0.0	0.0	0.0	0.0	0.0	0.0	0.0	0.0	0.0	0.0	0.0	0.0	8.98009472204e-06	0.0	8.98009472204e-06	6.28606630543e-05	0.000718407577763	0.000287363031105	1.79601894441e-05	0.0	0.000364891590708	1.92254655903e-05	0.0	0.0	1.05434227704e-05	0.00011949335253	4.48636503937e-05	0.0	0.000131271527039	0.000787742044513	0.0	0.0	0.0	0.000222720559474	0.000272495273641	0.0	0.0	0.0
lane7-s575-index--CGAGGCTG-ACTCTAGG-YZ5-5-NexteraFlex-Reduced_S575_L007_R1_001	0.0	0.0	0.0	0.0	0.0	0.0	2.40335623892e-05	0.0	0.0	0.0	0.0	0.0	0.0	0.0	4.80671247784e-06	8.65208246011e-05	0.000629679334597	0.000259562473803	2.40335623892e-05	0.0	0.000396723460936	4.55720846069e-05	0.0	0.0	0.0	0.000173267574376	4.01886962632e-05	0.0	0.000163366492092	0.000807732209185	0.0	0.0	0.0	0.000166019352599	0.000341009528872	0.0	0.0	0.0
lane7-s576-index--TAAGGCGA-TCGCATAA-ACR-134-1-NexteraFlex-Reduced_S576_L007_R1_001	0.0	0.0	0.0	0.0	0.0	0.0	0.0	0.0	0.0	0.0	0.0	0.0	0.0	0.0	0.0	0.000185320007942	0.00161493149778	0.00023826858164	5.29485736978e-05	0.0	0.000460412014587	5.49567559027e-05	0.0	0.0	0.0	0.000204935550697	8.9293580625e-05	0.0	0.000184407089715	0.00131169945343	0.0	0.0	0.0	0.000100175741643	0.000306065191886	0.0	0.0	0.0
lane7-s577-index--CGTACTAG-CTAGTCGA-ACR-134-2-NexteraFlex-Reduced_S577_L007_R1_001	0.0	0.0	0.0	0.0	0.0	0.0	0.0	0.0	0.0	0.0	0.0	0.0	0.0	0.0	0.0	0.000175399692048	0.00147836883298	0.000200456790912	0.0	0.0	0.000410126326598	7.8020140119e-05	0.0	0.0	0.0	0.000415747748657	0.00014086776799	0.0	0.000116372506064	0.00144876073303	0.0	0.0	0.0	0.000189867229011	0.000322568574853	0.0	0.0	0.0
lane7-s578-index--AGGCAGAA-ATTAGACG-ACR-134-3-NexteraFlex-Reduced_S578_L007_R1_001	0.0	0.0	0.0	0.0	0.0	0.0	0.0	0.0	0.0	0.0	0.0	0.0	0.0	0.0	0.0	9.91674889304e-05	0.00172551430739	0.000178501480075	0.0	0.0	0.00034545774879	6.19183416782e-05	0.0	0.0	0.0	0.000331283059289	6.74352486742e-05	0.0	0.000162865426392	0.00118349553929	0.0	0.0	0.0	0.000101643008409	0.000285043434141	0.0	0.0	0.0
lane7-s579-index--CTCTCTAC-TATGCAGT-ACR-134-4-NexteraFlex-Reduced_S579_L007_R1_001	0.0	0.0	0.0	0.0	0.0	0.0	9.10135910596e-05	0.0	0.0	1.82027182119e-05	0.0	0.0	0.0	0.0	0.0	0.000163824463907	0.00205690715795	0.000163824463907	1.82027182119e-05	0.0	0.000374524611229	5.72176433273e-05	0.0	0.0	0.0	0.000247777180589	4.21444441822e-05	0.0	0.000241221986726	0.00156595769051	0.0	0.0	0.0	0.00031587469591	0.000397495085346	0.0	0.0	0.0
lane7-s580-index--TAGCGCTC-CTCCTTAC-ACR-134-5-NexteraFlex-Reduced_S580_L007_R1_001	0.0	0.0	0.0	0.0	0.0	0.0	0.0	0.0	0.0	0.0	0.0	0.0	0.0	0.0	0.0	7.37231518712e-05	0.00150395229817	0.000206424825239	0.0	0.0	0.000389505522739	7.56885500935e-05	0.0	0.0	1.56901213584e-05	0.000253992927567	6.43255697195e-05	0.0	0.00026396572537	0.00125353685423	0.0	0.0	0.0	0.000176709416209	0.000179509848359	0.0	0.0	0.0
lane7-s581-index--GGACTCCT-TCTTACGC-SHI-Plate1-A1-1-NexteraFlex-Reduced_S581_L007_R1_001	0.0	0.0	0.0	0.0	0.0	0.0	0.0	0.0	0.0	0.0	0.0	0.0	0.0	0.0	1.13697993117e-05	4.54791972467e-05	0.000227395986233	0.000164862090019	5.68489965584e-06	0.0	0.000264832383842	3.48284166445e-05	0.0	0.0	0.0	0.000138991285851	3.05608621097e-05	0.0	7.50311144653e-05	0.000740077458911	0.0	0.0	0.0	0.000179666945394	0.000290003074707	0.0	0.0	0.0
lane7-s582-index--GTAGAGGA-AGAGGATA-SHI-Plate1-A1-2-NexteraFlex-Reduced_S582_L007_R1_001	0.0	0.0	0.0	0.0	0.0	0.0	0.0	0.0	0.0	0.0	0.0	0.0	0.0	0.0	0.0	6.35010054704e-05	0.000362862888402	0.000185967230306	3.17505027352e-05	0.0	0.000295177110417	1.86486046228e-05	0.0	0.0	0.0	0.000127685063416	2.49168114873e-05	0.0	8.72146011197e-05	0.000895613814656	0.0	0.0	0.0	0.000188845664215	0.000214654957126	0.0	0.0	0.0
lane7-s583-index--AAGAGGCA-ACTCTAGG-SHI-Plate1-A1-3-NexteraFlex-Reduced_S583_L007_R1_001	0.0	0.0	0.0	0.0	0.0	0.0	5.82804583875e-05	0.0	0.0	0.0	0.0	0.0	1.16560916775e-05	0.0	5.82804583875e-06	9.90767792587e-05	0.000343854704486	0.000134045054291	5.82804583875e-06	0.0	0.000301551535867	5.96830816428e-05	0.0	0.0	0.0	0.000118672076947	6.3261054205e-06	0.0	6.48741422179e-05	0.000847798539933	0.0	0.0	0.0	0.000243277732323	0.000317386562869	0.0	0.0	0.0
lane7-s584-index--CGTACTAG-ATTAGACG-SHI-Plate1-A1-4-NexteraFlex-Reduced_S584_L007_R1_001	0.0	0.0	0.0	0.0	0.0	0.0	0.0	0.0	0.0	0.0	0.0	0.0	0.0	0.0	0.0	6.89888987006e-05	0.000413933392204	0.000128122240444	9.85555695723e-06	0.0	0.000291071112587	8.12551482754e-05	0.0	0.0	0.0	0.000129022824138	2.18472290995e-05	0.0	0.000135219053176	0.000583895876939	0.0	0.0	0.0	0.00017156501113	0.000249505106621	0.0	0.0	0.0
lane7-s585-index--AGGCAGAA-TCGCATAA-SHI-Plate1-A1-5-NexteraFlex-Reduced_S585_L007_R1_001	0.0	0.0	0.0	0.0	0.0	0.0	0.0	0.0	0.0	0.0	0.0	0.0	1.0356491138e-05	0.0	1.0356491138e-05	3.10694734139e-05	0.000274447015156	0.0001501691215	2.07129822759e-05	0.0	0.00033515921791	2.11007902457e-05	0.0	0.0	0.0	0.000158866878157	3.32352027045e-05	0.0	7.92833330351e-05	0.000532719304642	0.0	0.0	0.0	0.00019270662049	0.000237945759349	6.19337206379e-06	0.0	0.0
lane7-s586-index--TAAGGCGA-CTAGTCGA-Mock-1-NexteraFlex-Reduced_S586_L007_R1_001	0.0	0.0	0.0	0.0	0.0	0.0	0.0	0.0	0.0	0.0	0.0	0.0	5.14553635013e-06	0.0	5.14553635013e-06	3.60187544509e-05	0.000288150035607	0.000200675917655	5.14553635013e-06	0.0	0.000308169114017	4.22020057031e-05	0.0	0.0	0.0	0.000110571479292	2.80085715192e-05	0.0	0.000109215330958	0.000774438137852	0.0	0.0	6.07128526741e-06	0.00022786643972	0.000343741299048	0.0	0.0	0.0
lane7-s587-index--CGGAGCCT-ACTCTAGG-Mock-2-NexteraFlex-Reduced_S587_L007_R1_001	0.0	0.0	0.0	0.0	0.0	0.0	0.0	0.0	0.0	0.0	0.0	0.0	0.0	0.0	9.37172428949e-06	6.09162078817e-05	0.000295209315119	0.000220235520803	1.40575864342e-05	0.0	0.000442014809968	3.83815185312e-05	0.0	0.0	0.0	0.00022584115668	2.5415479552e-05	0.0	0.00010426093593	0.00072324455744	0.0	0.0	5.50034371648e-06	0.000206421873756	0.000209467512636	0.0	0.0	0.0
lane7-s588-index--GCTCATGA-CTAGTCGA-Mock-3-NexteraFlex-Reduced_S588_L007_R1_001	0.0	0.0	0.0	0.0	0.0	0.0	0.0	0.0	0.0	0.0	0.0	0.0	6.50583378115e-06	0.0	6.50583378115e-06	6.50583378115e-05	0.000383844193088	0.00016915167831	6.50583378115e-06	0.0	0.000330185586092	4.00143144541e-05	0.0	0.0	0.0	0.000104834755265	2.12461309025e-05	0.0	0.000116285467158	0.000736215578057	0.0	0.0	0.0	0.000233555184808	0.000276487240667	0.0	0.0	0.0
lane7-s589-index--CGAGGCTG-ATTAGACG-Mock-4-NexteraFlex-Reduced_S589_L007_R1_001	0.0	0.0	3.62617342972e-05	0.0	0.0	0.0	0.0	0.0	0.0	0.0	0.0	0.0	0.0	0.0	0.0	9.42805091728e-05	0.000304598568097	0.000166803977767	7.25234685944e-06	0.0	0.000272572643004	5.95576652204e-05	0.0	0.0	0.0	0.000117360992555	5.5534826961e-05	0.0	7.33843577491e-05	0.000719181165125	0.0	0.0	0.0	0.000184221902826	0.000338720051799	0.0	0.0	0.0
lane7-s590-index--AAGAGGCA-TCGCATAA-Mock-5-NexteraFlex-Reduced_S590_L007_R1_001	0.0	0.0	0.0	0.0	0.0	0.0	0.0	0.0	0.0	0.0	0.0	0.0	0.0	0.0	4.95736787561e-06	1.98294715024e-05	0.000257783129532	0.000173507875646	1.98294715024e-05	0.0	0.000326501072355	6.07928481672e-05	0.0	0.0	0.0	0.000126710766941	3.73924133464e-05	0.0	8.74566310766e-05	0.000785189251622	0.0	0.0	0.0	0.000226770264627	0.000194439089186	0.0	0.0	0.0
lane7-s591-index--ATTACTCG-AGGCTATA-YZ5-1-QIAseqFX_S591_L007_R1_001	0.0	0.0	0.0	0.0	0.0	0.0	3.59262634997e-05	0.0	0.0	0.0	0.0	0.0	0.0	0.0	7.18525269995e-06	2.87410107998e-05	0.000229928086398	0.000222742833698	2.15557580998e-05	0.0	0.000410700994545	2.89089759696e-05	0.0	0.0	0.0	0.00016382604712	1.50785020745e-05	0.0	0.0001632879411	0.00110123354795	0.0	0.0	0.0	0.000184148125946	0.000307628888814	0.0	0.0	0.0
lane7-s592-index--ATTACTCG-GCCTCTAT-YZ5-2-QIAseqFX_S592_L007_R1_001	0.0	0.0	0.0	0.0	0.0	0.0	0.0	0.0	0.0	0.0	0.0	0.0	0.0	0.0	0.0	4.86566422399e-05	0.000284988904548	0.000257185108982	2.78037955656e-05	0.0	0.000411380944472	4.89735905016e-05	0.0	0.0	0.0	0.000108185416822	1.46025894334e-05	0.0	0.00013548965623	0.00106575354334	0.0	0.0	0.0	0.000193738783683	0.000286044437957	0.0	0.0	0.0
lane7-s593-index--ATTACTCG-AGGATAGG-YZ5-3-QIAseqFX_S593_L007_R1_001	0.0	0.0	0.0	0.0	0.0	0.0	0.0	0.0	0.0	0.0	0.0	0.0	7.78632456671e-06	0.0	7.78632456671e-06	3.89316228336e-05	0.000171299140468	0.000225803412435	7.78632456671e-06	0.0	0.000319887399635	7.81963174852e-05	0.0	0.0	0.0	0.000152155953766	4.8547962798e-05	0.0	9.14548876319e-05	0.00104016209615	0.0	0.0	9.03656646621e-06	0.000213617086172	0.000258259843263	0.0	0.0	0.0
lane7-s594-index--ATTACTCG-TCAGAGCC-YZ5-4-QIAseqFX_S594_L007_R1_001	0.0	0.0	0.0	0.0	0.0	0.0	0.0	0.0	0.0	0.0	0.0	0.0	0.0	0.0	0.0	3.05909677873e-05	0.000152954838937	0.000160602580883	1.52954838937e-05	0.0	0.000382925328948	3.06817147182e-05	0.0	7.71908817808e-06	0.0	0.000179737938959	3.15248474119e-05	0.0	0.000177286104315	0.000989049343753	0.0	0.0	0.0	0.000195675065189	0.000365617913011	0.0	0.0	0.0
lane7-s595-index--ATTACTCG-CTTCGCCT-YZ5-5-QIAseqFX_S595_L007_R1_001	0.0	0.0	0.0	0.0	0.0	0.0	0.0	0.0	0.0	0.0	0.0	0.0	0.0	0.0	0.0	8.89482371293e-05	0.000233489122464	0.00028908177067	1.11185296412e-05	0.0	0.000323182397124	7.81864758619e-05	0.0	0.0	0.0	0.000216742984914	4.60433933659e-05	0.0	0.00011792190009	0.00102969040442	0.0	0.0	0.0	0.00016968350893	0.000335426394032	0.0	0.0	0.0
lane7-s596-index--ATTACTCG-TAAGATTA-ACR-134-1-QIAseqFX_S596_L007_R1_001	0.0	0.0	0.0	0.0	0.0	0.0	0.0	0.0	0.0	0.0	0.0	0.0	0.0	0.0	0.0	9.17385954592e-05	0.00057336622162	0.000366954381837	0.0	0.0	0.000137759104786	6.89526302326e-05	0.0	0.0	0.0	0.000186993481407	0.0	0.0	0.000215646236662	0.00169745074422	0.0	0.0	0.0	0.000185094400789	0.000327416641769	0.0	0.0	0.0
lane7-s597-index--ATTACTCG-ACGTCCTG-ACR-134-2-QIAseqFX_S597_L007_R1_001	0.0	0.0	0.0	0.0	0.0	0.0	0.0	0.0	0.0	0.0	0.0	0.0	0.0	0.0	0.0	0.0	0.000464291471868	0.00038690955989	2.57939706594e-05	0.0	0.000258178914373	5.16864246639e-05	0.0	0.0	0.0	0.000209650473351	0.0	0.0	0.000214368131176	0.00143577740574	0.0	0.0	0.0	0.000175284940277	0.000270393449508	0.0	0.0	0.0
lane7-s598-index--ATTACTCG-GTCAGTAC-ACR-134-3-QIAseqFX_S598_L007_R1_001	0.0	0.0	0.0	0.0	0.0	0.0	0.0	0.0	0.0	0.0	0.0	0.0	0.0	0.0	0.0	0.0	0.000230344687791	0.000322482562907	0.0	0.0	0.000415125130246	4.61723577176e-05	0.0	0.0	0.0	0.000238049668587	0.0	0.0	9.84774402956e-05	0.00135143184204	0.0	0.0	0.0	0.000116020115568	0.000245075213583	0.0	0.0	0.0
lane7-s599-index--TCCGGAGA-AGGCTATA-ACR-134-4-QIAseqFX_S599_L007_R1_001	0.0	0.0	0.0	0.0	0.0	0.0	0.0	0.0	0.0	0.0	0.0	0.0	0.0	0.0	0.0	0.0	0.000357833363712	0.000268375022784	6.7093755696e-05	0.0	0.000246391981419	6.72747255359e-05	0.0	0.0	0.0	0.000238568797158	9.70267840012e-05	0.0	0.000100412620561	0.00120527469236	0.0	0.0	0.0	0.000296076015741	0.000123109158737	0.0	0.0	0.0
lane7-s600-index--TCCGGAGA-GCCTCTAT-ACR-134-5-QIAseqFX_S600_L007_R1_001	0.0	0.0	0.0	0.0	0.0	0.0	0.0	0.0	0.0	0.0	0.0	0.0	1.72756625648e-05	0.0	0.0	8.63783128242e-05	0.000518269876945	0.000328237588732	3.45513251297e-05	0.0	0.000346544775318	1.73774749e-05	0.0	0.0	0.0	0.000287514382458	0.000109011271402	0.0	0.000223617471009	0.00128646197417	0.0	0.0	0.0	0.0001649552899	0.000275184108753	0.0	0.0	0.0
lane7-s601-index--TCCGGAGA-AGGATAGG-SHI-Plate1-A1-1-QIAseqFX_S601_L007_R1_001	0.0	0.0	0.0	0.0	0.0	0.0	0.0	0.0	0.0	0.0	0.0	0.0	0.0	0.0	6.76709715555e-06	6.09038744e-05	0.000128574845955	0.000216547108978	4.06025829333e-05	0.0	0.000270997385553	3.39202670203e-05	0.0	0.0	0.0	0.000131399119847	4.87975176285e-05	0.0	5.69578012466e-05	0.000923858205088	0.0	0.0	0.0	0.000124777875884	0.00025557431542	0.0	0.0	0.0
lane7-s602-index--TCCGGAGA-TCAGAGCC-SHI-Plate1-A1-2-QIAseqFX_S602_L007_R1_001	0.0	0.0	0.0	0.0	1.95317421083e-05	0.0	0.0	0.0	0.0	0.0	0.0	0.0	0.0	0.0	3.90634842167e-06	3.12507873734e-05	0.000183598375818	0.000214849163192	7.81269684334e-06	0.0	0.000308977763496	2.34988236685e-05	0.0	0.0	0.0	0.000127985583704	2.82267773162e-05	0.0	0.000131778115468	0.00080552192374	0.0	0.0	0.0	0.000225401891573	0.000272289767263	4.73326535102e-06	0.0	0.0
lane7-s603-index--TCCGGAGA-CTTCGCCT-SHI-Plate1-A1-3-QIAseqFX_S603_L007_R1_001	0.0	0.0	0.0	0.0	0.0	2.73136281894e-05	2.73136281894e-05	0.0	0.0	5.46272563788e-06	0.0	0.0	0.0	0.0	5.46272563788e-06	5.46272563788e-05	0.000174807220412	0.000267673556256	5.46272563788e-06	0.0	0.000284594141936	4.38635328731e-05	0.0	0.0	0.0	0.000145699165183	3.39347859382e-05	0.0	0.000104271638277	0.000858711947371	0.0	0.0	0.0	0.000211071371418	0.000426577203583	6.74803810914e-06	0.0	0.0
lane7-s604-index--TCCGGAGA-TAAGATTA-SHI-Plate1-A1-4-QIAseqFX_S604_L007_R1_001	0.0	0.0	0.0	0.0	0.0	0.0	0.0	0.0	0.0	0.0	0.0	0.0	0.0	0.0	1.49158336795e-05	4.47475010385e-05	0.000104410835757	0.000238653338872	1.49158336795e-05	0.0	0.000194142134443	1.4953821105e-05	0.0	0.0	0.0	0.000213279546263	6.1434655873e-05	0.0	1.56943075334e-05	0.00103448413062	0.0	0.0	0.0	0.000293129880505	0.000265150477315	0.0	0.0	0.0
lane7-s605-index--TCCGGAGA-ACGTCCTG-SHI-Plate1-A1-5-QIAseqFX_S605_L007_R1_001	0.0	0.0	0.0	0.0	0.0	0.0	0.0	0.0	0.0	0.0	0.0	0.0	0.0	0.0	6.0024207763e-06	9.60387324208e-05	0.000144058098631	0.00027611135571	0.0	0.0	0.000342797965103	3.01320591731e-05	0.0	0.0	0.0	0.000178339905159	1.86118269599e-05	0.0	8.25578976949e-05	0.000870215538852	0.0	0.0	1.36666809939e-05	0.000181956863486	0.000380576741792	0.0	0.0	0.0
lane7-s606-index--TCCGGAGA-GTCAGTAC-Mock-1-QIAseqFX_S606_L007_R1_001	0.0	0.0	0.0	0.0	0.0	0.0	0.0	0.0	0.0	0.0	0.0	0.0	0.0	0.0	0.0	3.17454472267e-05	0.000126981788907	0.000184123593915	1.9047268336e-05	0.0	0.000305012499158	5.08816194602e-05	0.0	0.0	0.0	0.000162428949517	3.92724413694e-05	0.0	0.000140010808834	0.000877159482303	0.0	0.0	0.0	0.000239450517659	0.000318745985098	0.0	0.0	0.0
lane7-s607-index--CGCTCATT-AGGCTATA-Mock-2-QIAseqFX_S607_L007_R1_001	0.0	0.0	0.0	0.0	0.0	0.0	0.0	0.0	0.0	6.41082352157e-06	0.0	0.0	0.0	0.0	6.41082352157e-06	6.41082352157e-06	0.00012180564691	0.000237200470298	3.20541176078e-05	0.0	0.000327299954428	3.2125235992e-05	0.0	0.0	0.0	0.000196635062824	3.30151705369e-05	0.0	0.000107638592929	0.000925956059845	0.0	0.0	0.0	0.000204720713422	0.000298888545582	0.0	0.0	0.0
lane7-s608-index--CGCTCATT-GCCTCTAT-Mock-3-rd2-QIAseqFX_S608_L007_R1_001	0.0	0.0	0.0	0.0	3.94571952563e-05	0.0	0.0	0.0	0.0	0.0	0.0	0.0	0.0	0.0	0.0	4.73486343076e-05	0.000149937341974	0.00025252604964	5.52400733588e-05	0.0	0.000387288557243	7.91668418233e-05	0.0	0.0	0.0	0.000113530546164	4.09178395152e-05	0.0	9.20826500382e-05	0.0010103208949	0.0	0.0	0.0	0.000248339939482	0.000423734239911	0.0	0.0	0.0
lane7-s609-index--CGCTCATT-AGGATAGG-Mock-4-rd2-QIAseqFX_S609_L007_R1_001	0.0	0.0	0.0	0.0	0.0	0.0	0.0	0.0	0.0	0.0	0.0	0.0	0.0	0.0	0.0	2.20767527746e-05	8.83070110984e-05	0.000272279950887	7.35891759153e-06	0.0	0.000294559659819	8.84293836104e-05	0.0	0.0	0.0	0.000127208212981	3.76482012028e-05	0.0	0.000107155253803	0.000936317632989	0.0	0.0	1.62105530376e-05	0.000165262868772	0.000312063137964	0.0	0.0	0.0
lane7-s610-index--CGCTCATT-TCAGAGCC-Mock-5-QIAseqFX_S610_L007_R1_001	0.0	0.0	0.0	0.0	0.0	0.0	0.0	0.0	0.0	0.0	0.0	0.0	0.0	0.0	7.66864696694e-06	6.13491757355e-05	0.000153372939339	0.000283739937777	7.66864696694e-06	0.0	0.000268853877457	2.30861575399e-05	0.0	0.0	0.0	0.000157464481721	7.94150604309e-06	0.0	0.000113676704103	0.00108703305445	0.0	0.0	8.7190434721e-06	0.000249822715095	0.000402288840645	0.0	0.0	0.0
lane7-s611-index--TTGGAATG-ATAGAGAG-YZ5-1-plexWell96-1_S611_L007_R1_001	0.0	0.0	0.0	0.0	0.0	0.0	0.0	0.0	0.0	0.0	0.0	0.0	0.0	0.0	0.0	0.0	0.000160697211636	0.000374960160483	0.0	5.36775855822e-05	0.000540065574762	0.0	0.0	0.0	0.0	0.000226815487869	0.0	0.0	0.000177483706996	0.00132369682048	0.0	0.0	0.0	6.54598060426e-05	0.000269283383061	0.0	0.0	0.0
lane7-s612-index--GGGACAAC-ATAGAGAG-YZ5-2-plexWell96-2_S612_L007_R1_001	0.0	0.0	0.0	0.0	0.0	0.0	0.0	0.0	0.0	0.0	0.0	0.0	0.0	0.0	0.0	0.0	0.000127627803292	0.000170170404389	4.25426010972e-05	0.0	0.000386171291855	0.0	0.0	4.40785532714e-05	0.0	0.000225522874785	9.13986971116e-05	4.63530358457e-05	0.000141206904829	0.000813691459686	0.0	0.0	0.0	0.000104281430554	0.00021437548402	0.0	0.0	0.0
lane7-s613-index--GCTGGATC-ATAGAGAG-YZ5-3-plexWell96-3_S613_L007_R1_001	0.0	0.0	0.0	0.0	0.0	0.0	0.0	0.0	0.0	0.0	0.0	0.0	0.0	0.0	0.0	3.5222119491e-05	0.000246554836437	0.000176110597455	0.0	0.0	0.000426223394337	3.57836548853e-05	0.0	0.0	0.0	7.44715591254e-05	3.77022584784e-05	0.0	0.000116325329375	0.00102395785705	0.0	0.0	0.0	0.000128151129481	0.000219291416802	0.0	0.0	0.0
lane7-s614-index--ACACTCAA-ATAGAGAG-YZ5-4-plexWell96-4_S614_L007_R1_001	0.0	0.0	0.0	0.0	0.0	0.0	0.0	0.0	0.0	0.0	0.0	0.0	0.0	0.0	7.11083299853e-05	0.000142216659971	0.000497758309897	0.000213324989956	0.0	0.0	0.000287089444152	7.23641886998e-05	0.0	0.0	0.0	0.0	0.0	0.0	7.90355138178e-05	0.000804402980152	0.0	0.0	8.56142393603e-05	0.000526303324395	0.000361010178682	0.0	0.0	0.0
lane7-s615-index--ACTAGCTA-ATAGAGAG-YZ5-5-plexWell96-5_S615_L007_R1_001	0.0	0.0	0.0	0.0	0.0	0.0	0.0	0.0	0.0	0.0	0.0	0.0	0.0	0.0	0.0	3.81634962342e-05	0.000228980977405	0.000343471466108	3.81634962342e-05	0.0	0.000346619115659	0.0	3.91746987857e-05	0.0	0.0	0.000161934731397	0.0	0.0	0.00012654255373	0.00115728090422	0.0	0.0	0.0	0.000231835782369	0.000379887610251	0.0	0.0	0.0
lane7-s616-index--GATGATTG-ATAGAGAG-ACR-134-1-plexWell96-6_S616_L007_R1_001	0.0	0.0	0.0	0.0	0.0	0.0	0.0	0.0	0.0	0.0	0.0	0.0	0.0	0.0	0.0	0.000172499299222	0.000689997196886	0.000344998598443	0.0	0.0	0.000346876850913	0.0	0.0	0.0	0.0	0.000180794392481	0.0	0.0	0.000470168292038	0.00200723176932	0.0	0.0	0.0	0.0	0.0	0.0	0.0	0.0
lane7-s617-index--GCAATCTT-ATAGAGAG-ACR-134-2-plexWell96-7_S617_L007_R1_001	0.0	0.0	0.0	0.0	0.0	0.0	0.000446022372482	0.0	0.0	0.0	0.0	0.0	0.0	0.0	0.0	0.000178408948993	0.000713635795972	0.000267613423489	0.0	0.0	8.96788600023e-05	0.000180292091217	0.0	0.0	0.0	0.000465149164034	0.0	0.0	0.000192607901354	0.00127007574536	0.0	0.0	0.0	0.0	0.000215083828922	0.0	0.0	0.0
lane7-s618-index--AGAGTGTC-ATAGAGAG-ACR-134-3-plexWell96-8_S618_L007_R1_001	0.0	0.0	0.0	0.0	0.0	0.0	0.0	0.0	0.0	0.0	0.0	0.0	0.0	0.0	0.0	0.0	0.00120188696253	0.0	0.0	0.0	0.000302037241192	0.0	0.0	0.0	0.0	0.000313433443975	0.0	0.0	0.000325908061336	0.00165513588666	0.0	0.0	0.0	0.0	0.00147126977938	0.0	0.0	0.0
lane7-s619-index--TTAATGCG-ATAGAGAG-ACR-134-4-plexWell96-9_S619_L007_R1_001	0.0	0.0	0.0	0.0	0.0	0.0	0.0	0.0	0.0	0.0	0.0	0.0	0.0	0.0	0.0	0.0	0.000864970843274	0.000432485421637	0.0	0.0	0.000580015283403	0.0	0.0	0.0	0.0	0.0	0.0	0.0	0.000318130411199	0.00243205644965	0.0	0.0	0.0	0.000179043976782	0.000926200355661	0.0	0.0	0.0
lane7-s620-index--TCCTATAT-ATAGAGAG-ACR-134-5-plexWell96-10_S620_L007_R1_001	0.0	0.0	0.0	0.0	0.0	0.0	0.0	0.0	0.0	0.0	0.0	0.0	0.0	0.0	0.0	0.0	0.000455680216643	0.000325485869031	6.50971738062e-05	0.0	0.000588797538041	0.0	0.0	0.0	0.0	0.0002709500253	0.0	0.0	0.000139891737784	0.00184245062941	0.0	0.0	0.0	0.000151456978267	0.000232151065341	0.0	0.0	0.0
lane7-s621-index--CCATATCC-ATAGAGAG-SHI-Plate1-A1-1-plexWell96-11_S621_L007_R1_001	0.0	0.0	0.0	0.0	0.0	0.0	0.0	0.0	0.0	0.0	0.0	0.0	0.0	0.0	2.03497304678e-05	2.03497304678e-05	0.000264546496082	0.000264546496082	0.0	0.0	0.000184562041453	2.06305479412e-05	0.0	2.09059029489e-05	0.0	0.000148526048711	6.41802386478e-05	0.0	4.35865925026e-05	0.000902768725625	2.22639498117e-05	0.0	0.0	0.000209100422104	0.000284036576337	0.0	0.0	0.0
lane7-s622-index--AGCCGACG-ATAGAGAG-SHI-Plate1-A1-2-plexWell96-12_S622_L007_R1_001	0.0	0.0	0.0	0.0	0.0	0.0	0.0	0.0	0.0	0.0	0.0	0.0	0.0	0.0	0.0	5.93646204671e-05	0.00041555234327	0.000237458481869	0.0	0.0	0.000239139623463	6.0118806786e-05	0.0	0.0	0.0	0.000185915189209	0.0	0.0	6.39496997242e-05	0.000582758884159	0.0	0.0	0.0	0.000137871892195	0.000211088032153	0.0	0.0	0.0
lane7-s623-index--CGAATTCA-ATAGAGAG-SHI-Plate1-A1-3-plexWell96-13_S623_L007_R1_001	0.0	0.0	0.0	0.0	0.0	0.0	0.0	0.0	0.0	0.0	0.0	0.0	0.0	0.0	0.0	0.000101222600307	0.000101222600307	6.74817335383e-05	0.0	0.0	0.000101919829862	3.41517574324e-05	0.0	0.0	0.0	7.01130011239e-05	3.53277247038e-05	0.0	0.0	0.000871007428968	0.0	0.0	3.76439835315e-05	7.64117646609e-05	0.000272277237351	0.0	0.0	0.0
lane7-s624-index--GTCAGACC-ATAGAGAG-SHI-Plate1-A1-4-plexWell96-14_S624_L007_R1_001	0.0	0.0	0.0	0.0	0.0	0.0	0.0	0.0	0.0	0.0	0.0	0.0	0.0	0.0	0.0	2.46033933e-05	0.0002214305397	0.0001722237531	2.46033933e-05	0.0	0.000371520248473	2.48996109934e-05	0.0	0.0	0.0	0.000153301657804	0.0	0.0	0.00013110170267	0.000741724408587	0.0	0.0	0.0	8.4038957099e-05	0.000228783020182	0.0	0.0	0.0
lane7-s625-index--CATTGCCT-ATAGAGAG-SHI-Plate1-A1-5-plexWell96-15_S625_L007_R1_001	0.0	0.0	0.0	0.0	0.0	0.0	0.0	0.0	0.0	0.0	0.0	0.0	3.18006480972e-05	0.0	0.0	0.000127202592389	0.000159003240486	0.000254405184778	3.18006480972e-05	0.0	0.000352310258506	9.66152458858e-05	0.0	0.0	0.0	0.000132167789652	0.0	0.0	0.000169235549484	0.000854237959943	0.0	0.0	0.0	0.000250244971953	0.000434931683106	0.0	0.0	0.0
lane7-s626-index--TAACCGCA-ATAGAGAG-Mock-1-plexWell96-16_S626_L007_R1_001	0.0	0.0	0.0	0.0	0.0	0.0	0.0	0.0	0.0	0.0	0.0	0.0	0.0	0.0	2.92268618242e-05	0.0	0.000292268618242	0.000175361170945	2.92268618242e-05	0.0	0.000235376222412	0.0	0.0	0.0	0.0	9.15280423616e-05	6.16131746219e-05	0.0	6.29982373093e-05	0.000829447689924	0.0	0.0	0.0	0.00027267738516	0.000174395466834	0.0	0.0	0.0
lane7-s627-index--GCGCGAAG-ATAGAGAG-Mock-2-plexWell96-17_S627_L007_R1_001	0.0	0.0	0.0	0.0	0.0	0.0	0.0	0.0	0.0	0.0	0.0	0.0	0.0	6.2518951057e-05	0.0	6.2518951057e-05	0.000312594755285	0.0	0.0	0.0	0.000314489935064	0.0	0.0	0.0	0.0	6.53267710414e-05	0.000132027754875	0.0	6.76234940248e-05	0.000754235719232	0.0	0.0	0.0	0.000220769883456	0.000226484492607	0.0	0.0	0.0
lane7-s628-index--AACACGTG-ATAGAGAG-Mock-3-plexWell96-18_S628_L007_R1_001	0.0	0.0	0.0	0.0	0.0	0.0	0.0	0.0	0.0	0.0	0.0	2.26264564367e-05	0.0	0.0	0.0	4.52529128734e-05	0.000226264564367	0.000316770390114	4.52529128734e-05	0.0	0.000250416203112	2.28916556253e-05	0.0	0.0	0.0	9.45413927034e-05	2.38822623572e-05	0.0	0.000195715159093	0.00114092140316	0.0	2.55880125279e-05	0.0	0.000106797472211	0.000274078028919	0.0	0.0	0.0
lane7-s629-index--GTAGTCAC-ATAGAGAG-Mock-4-plexWell96-19_S629_L007_R1_001	0.0	0.0	0.0	0.0	0.0	0.0	0.0	0.0	0.0	0.0	0.0	0.0	0.0	0.0	0.0	2.8628030277e-05	0.000229024242216	0.000171768181662	2.8628030277e-05	0.0	0.000259149488655	0.000115814297565	0.0	0.0	0.0	0.00014951258896	0.0	0.0	6.19257355616e-05	0.00100484334492	3.18834443302e-05	0.0	0.0	0.000170570281267	0.000211041182225	0.0	0.0	0.0
lane7-s630-index--GAGTTCTC-ATAGAGAG-Mock-5-plexWell96-20_S630_L007_R1_001	0.0	0.0	0.0	0.0	0.0	0.0	0.0	0.0	0.0	0.0	0.0	0.0	0.0	0.0	0.0	3.35430519481e-05	0.000145353225109	0.000223620346321	1.1181017316e-05	0.0	0.00022475397587	2.25744233589e-05	1.13454552716e-05	0.0	0.0	0.000115693392149	1.16606979441e-05	0.0	0.000142470437384	0.000791715299178	0.0	1.22815646959e-05	0.0	0.000164817289892	0.000284056612483	0.0	0.0	0.0
lane7-s631-index--GTGAGGAA-ATAGAGAG-YZ5-1-plexWell96-21_S631_L007_R1_001	0.0	0.0	0.0	0.0	0.0	0.0	0.0	0.0	0.0	0.0	0.0	0.0	0.0	0.0	0.0	4.84802648962e-05	0.000193921059585	0.000145440794689	0.0	0.0	0.000342306155692	4.92699183499e-05	0.0	0.0	0.0	0.000154235301376	0.000104191412127	0.0	5.36728606937e-05	0.00125562643476	0.0	0.0	0.0	0.000297091886361	0.000366614607392	0.0	0.0	0.0
lane7-s632-index--GATTCGTA-ATAGAGAG-YZ5-2-plexWell96-22_S632_L007_R1_001	0.0	0.0	0.0	0.0	0.0	0.0	0.0	0.0	0.0	0.0	0.0	0.0	0.0	0.0	0.0	4.03351040444e-05	0.0003630159364	0.000282345728311	4.03351040444e-05	0.0	0.000244030902447	0.0	0.0	0.0	0.0	0.000213451636768	0.0	0.0	4.44644435631e-05	0.000903689311615	0.0	0.0	0.0	0.000195947127587	0.000402657337096	0.0	0.0	0.0
lane7-s633-index--GATGCAAT-ATAGAGAG-YZ5-3-plexWell96-23_S633_L007_R1_001	0.0	0.0	0.0	0.0	0.0	0.0	0.0	0.0	0.0	0.0	0.0	0.0	0.0	0.0	0.0	6.52731927893e-05	0.000391639156736	0.000130546385579	0.0	0.0	0.000394880375926	6.63089519738e-05	0.0	0.0	0.0	0.000207331590596	3.50086856549e-05	0.0	0.000144166587375	0.00128256148783	0.0	0.0	0.0	7.96462749636e-05	0.000368709206423	0.0	0.0	0.0
lane7-s634-index--ACACGGTT-ATAGAGAG-YZ5-4-plexWell96-24_S634_L007_R1_001	0.0	0.0	0.0	0.0	0.0	0.0	0.0	0.0	0.0	0.0	0.0	3.63953996215e-05	0.0	0.0	0.0	7.2790799243e-05	0.000327558596593	3.63953996215e-05	7.2790799243e-05	3.64744523817e-05	0.000513876689415	0.0	0.0	0.0	0.0	7.69767830325e-05	3.89728624164e-05	0.0	0.000120216485848	0.00101795965867	0.0	0.0	0.0	0.000221618729797	0.000410422918016	0.0	0.0	0.0
lane7-s635-index--GAGGCTGC-ATAGAGAG-YZ5-5-plexWell96-25_S635_L007_R1_001	0.0	0.0	0.0	0.0	0.0	0.0	0.0	0.0	0.0	0.0	0.0	0.0	0.0	0.0	0.0	8.96178805595e-05	0.000246449171539	0.000179235761119	4.48089402798e-05	0.0	0.000407026176306	2.27965899037e-05	0.0	0.0	0.0	0.000214133169894	2.41061267409e-05	0.0	0.0001241437187	0.00116111389189	0.0	0.0	2.67632498828e-05	0.000273779382003	0.000168395196583	0.0	0.0	0.0
lane7-s636-index--ACAGTTCG-ATAGAGAG-ACR-134-1-plexWell96-26_S636_L007_R1_001	0.0	0.0	0.0	0.0	0.0	0.0	0.0	0.0	0.0	0.0	0.0	0.0	0.0	0.0	0.0	0.0	0.000871113864261	0.0	0.0	0.0	0.000486329756864	9.77584954577e-05	0.0	0.0	0.0	0.000303387933048	0.0	0.0	0.000209908742174	0.00170422712235	0.0	0.0	0.000112567991067	0.0	0.00047325628721	0.0	0.0	0.0
lane7-s637-index--CGGAGATA-ATAGAGAG-ACR-134-2-plexWell96-27_S637_L007_R1_001	0.0	0.0	0.0	0.0	0.0	0.0	0.0	0.0	0.0	0.0	0.0	0.0	0.0	0.0	0.0	0.00010288436312	0.00030865308936	0.00020576872624	0.0	0.000103020669037	0.000103437432766	0.0	0.0	0.0	0.0	0.000324202354141	0.0	0.0	0.000112721780102	0.00149057099188	0.0	0.000119222762964	0.0	0.000126304727839	0.000400848730378	0.0	0.0	0.0
lane7-s638-index--TCGCCAGC-ATAGAGAG-ACR-134-3-plexWell96-28_S638_L007_R1_001	0.0	0.0	0.0	0.0	0.0	0.0	0.0	0.0	0.0	0.0	0.0	0.0	0.0	0.0	0.0	7.61168241016e-05	0.000761168241016	0.000152233648203	0.0	0.0	0.000459226784555	0.0	0.0	0.0	0.0	7.97956592757e-05	8.07594619805e-05	0.0	0.000248936625714	0.00202326587147	0.0	0.0	0.0	0.000456960281926	0.000187843871688	0.0	0.0	0.0
lane7-s639-index--TGCACTGT-ATAGAGAG-ACR-134-4-plexWell96-29_S639_L007_R1_001	0.0	0.0	0.0	0.0	0.0	0.0	0.00076931361839	0.0	0.0	0.0	0.0	0.0	0.0	0.0	0.0	0.0	0.0013847645131	0.000307725447356	0.0	0.0	0.000154789416738	0.000155704789946	0.0	0.0	0.0	0.000485733992636	0.0	0.0	0.0	0.00154908001859	0.000175477694153	0.0	0.0	0.00018822466496	0.000194059828645	0.0	0.0	0.0
lane7-s640-index--GTACGCGA-ATAGAGAG-ACR-134-5-plexWell96-30_S640_L007_R1_001	0.0	0.0	0.0	0.0	0.0	0.0	0.000238906952909	0.0	0.0	0.0	0.0	0.0	0.0	0.0	0.0	4.77813905818e-05	0.00109897198338	0.000143344171745	0.0	0.0	0.000144066062934	9.6535812373e-05	0.0	0.0	0.0	0.000348085529587	0.0	0.0	0.000102676678327	0.00114368594384	0.0	0.0	0.0	0.000110797431272	0.000282956991103	0.0	0.0	0.0
lane7-s641-index--CTATCCGG-ATAGAGAG-SHI-Plate1-A1-1-plexWell96-31_S641_L007_R1_001	0.0	0.0	0.0	0.0	0.0	0.0	0.0	0.0	0.0	0.0	0.0	0.0	0.0	0.0	0.0	1.61137891333e-05	0.000257820626134	0.000306161993534	0.0	0.0	0.000291892349453	1.62987787814e-05	0.0	0.0	0.0	0.000117014394442	1.6847732051e-05	0.0	0.000120029781103	0.000969846435208	0.0	0.0	0.0	0.000146305029894	0.000205162217102	0.0	0.0	0.0
lane7-s642-index--CTTAGAGT-ATAGAGAG-SHI-Plate1-A1-2-plexWell96-32_S642_L007_R1_001	0.0	0.0	0.0	0.0	0.0	0.0	0.0	0.0	0.0	0.0	0.0	0.0	0.0	0.0	0.0	8.8537258249e-05	0.000159367064848	0.000212489419798	1.77074516498e-05	0.0	0.000338543940331	1.7905308136e-05	0.0	0.0	1.82224077668e-05	0.000165118557877	9.24152921432e-05	0.0	9.39449475092e-05	0.000967300134455	0.0	0.0	0.0	0.000319451246649	0.000345748975668	0.0	0.0	0.0
lane7-s643-index--CAAGGACC-ATAGAGAG-SHI-Plate1-A1-3-plexWell96-33_S643_L007_R1_001	0.0	0.0	0.0	0.0	0.0	0.0	0.0	0.0	0.0	0.0	0.0	0.0	0.0	0.0	0.0	1.57612982897e-05	0.000173374281186	0.000173374281186	1.57612982897e-05	1.57963384403e-05	0.000301881420343	1.59878211174e-05	0.0	0.0	0.0	0.000197690676364	1.66205004566e-05	0.0	5.08689001618e-05	0.000840210484729	0.0	1.75814252945e-05	0.0	0.000109013509499	0.000463653119217	0.0	0.0	0.0
lane7-s644-index--AGACAGAG-ATAGAGAG-SHI-Plate1-A1-4-plexWell96-34_S644_L007_R1_001	0.0	0.0	0.0	0.0	0.0	0.0	0.0	0.0	0.0	0.0	0.0	0.0	0.0	0.0	0.0	0.0	0.0	0.0	0.0	0.0	0.000300593672503	0.000303151563656	0.0	0.0	0.0	0.000317753861504	0.0	0.0	0.000333748293712	0.00102097073898	0.0	0.0	0.0	0.0	0.0	0.0	0.0	0.0
lane7-s645-index--TCGGATCA-ATAGAGAG-SHI-Plate1-A1-5-plexWell96-35_S645_L007_R1_001	0.0	0.0	0.0	0.0	0.0	0.0	0.0	0.0	0.0	0.0	0.0	0.0	0.0	0.0	0.0	0.0	0.0002474987161	6.18746790251e-05	0.0	0.0	0.000311436444542	0.0	0.0	0.0	0.0	0.000321311981081	6.47651615243e-05	0.0	0.000263586396043	0.0007984584429	0.0	0.0	0.0	0.000278969792453	0.000283220930027	0.0	0.0	0.0
lane7-s646-index--TAATGGAC-ATAGAGAG-Mock-1-plexWell96-36_S646_L007_R1_001	0.0	0.0	0.0	0.0	0.0	0.0	0.0	0.0	0.0	0.0	0.0	0.0	0.0	0.0	0.0	0.0	0.000239141686325	0.000102489294139	0.0	0.0	0.000137473815534	6.91003582508e-05	0.0	0.0	0.0	0.000142436801681	3.59652460634e-05	3.63573168009e-05	3.67886455524e-05	0.00149070452559	0.0	0.0	0.0	3.99295961361e-05	0.000245432601549	0.0	0.0	0.0
lane7-s647-index--TAGCAACT-ATAGAGAG-Mock-2-plexWell96-37_S647_L007_R1_001	0.0	0.0	0.0	0.0	0.0	0.0	0.0	0.0	0.0	0.0	0.0	0.0	0.0	0.0	0.0	0.0	0.000261269421027	0.000203209549688	2.90299356697e-05	0.0	0.000321165726478	2.93456851278e-05	0.0	0.0	0.0	0.000241530943888	3.04638703068e-05	0.0	9.3303426475e-05	0.00141636060163	0.0	0.0	0.0	0.000167778703916	0.000240464054403	0.0	0.0	0.0
lane7-s648-index--ATAGCACA-ATAGAGAG-Mock-3-plexWell96-38_S648_L007_R1_001	0.0	0.0	0.0	0.0	0.0	0.0	0.0	0.0	0.0	0.0	0.0	0.0	0.0	0.0	0.0	0.000120163662909	0.000160218217212	0.000200272771515	4.0054554303e-05	0.0	0.000564136701606	8.10085237169e-05	0.0	0.0	0.0	0.000375410135573	0.0	0.0	0.000128966027769	0.00121818365337	0.0	0.0	0.0	0.0	0.000331315778015	0.0	0.0	0.0
lane7-s649-index--ATCAACCG-ATAGAGAG-Mock-4-plexWell96-39_S649_L007_R1_001	0.0	0.0	0.0	0.0	0.0	0.0	0.0	0.0	0.0	0.0	0.0	0.0	4.9221197601e-05	0.0	0.0	0.0	0.000246105988005	0.000344548383207	0.0	0.0	0.000297630710727	0.0	0.0	0.0	0.0	5.20036215322e-05	0.0	0.0	5.42598307961e-05	0.00071762464036	0.0	0.0	0.0	0.000361752837197	0.000373274538446	0.0	0.0	0.0
lane7-s650-index--TTCCTCAT-ATAGAGAG-Mock-5-plexWell96-40_S650_L007_R1_001	0.0	0.0	0.0	0.0	0.0	0.0	0.0	0.0	0.0	0.0	0.0	0.0	0.0	0.0	2.46123099699e-05	2.46123099699e-05	0.000295347719639	0.000184592324774	2.46123099699e-05	0.0	0.000309336952328	4.97325445918e-05	0.0	0.0	1.26681587224e-05	0.000191468715671	3.86068387639e-05	0.0	0.0001311147494	0.00111319053926	0.0	0.0	1.37733040862e-05	0.000223752252556	0.000313257201391	0.0	0.0	0.0
lane7-s651-index--AGCTACGT-ATAGAGAG-YZ5-1-plexWell96-41_S651_L007_R1_001	0.0	0.0	0.0	0.0	0.0	0.0	0.0	0.0	0.0	0.0	0.0	6.10515519305e-05	0.0	0.0	0.0	0.000122103103861	0.000183154655791	0.000244206207722	6.10515519305e-05	0.0	0.000307504587968	6.19215367439e-05	0.0	0.0	0.0	6.43762042374e-05	6.5182929373e-05	0.0	0.000268515845791	0.00143351265894	0.0	0.0	0.0	0.000597377810103	0.000230493347962	0.0	0.0	0.0
lane7-s652-index--ATTCCATC-ATAGAGAG-YZ5-2-plexWell96-42_S652_L007_R1_001	0.0	0.0	0.0	0.0	0.0	0.0	0.0	0.0	0.0	0.0	0.0	0.0	0.0	4.82354274744e-05	0.0	0.000144706282423	0.000289412564847	0.000241177137372	4.82354274744e-05	0.0	0.000145956139207	4.90206891819e-05	0.0	0.0	0.0	0.000204069138624	0.000103270632569	0.0	0.000159233724854	0.000754752786116	0.0	0.0	0.0	0.000408625023496	0.000239486540856	0.0	0.0	0.0
lane7-s653-index--GTTGTAGG-ATAGAGAG-YZ5-3-plexWell96-43_S653_L007_R1_001	0.0	0.0	0.0	0.0	0.0	0.0	0.0	0.0	0.0	0.0	0.0	0.0	0.0	0.0	0.0	4.87882225231e-05	0.000146364667569	0.000292729335138	0.0	0.0	0.000393386581485	4.95248830346e-05	0.0	0.0	0.0	0.000154984615194	0.000104698392723	0.0	5.40179058554e-05	0.000824733652267	0.0	0.0	0.0	0.000240503566367	0.000806386081528	0.0	0.0	0.0
lane7-s654-index--TGTGACTA-ATAGAGAG-YZ5-4-plexWell96-44_S654_L007_R1_001	0.0	0.0	0.0	0.0	0.0	0.0	0.0	0.0	0.0	0.0	0.0	0.0	0.0	0.0	0.0	4.76280062202e-05	0.000238140031101	0.000190512024881	4.76280062202e-05	0.0	0.000240101918462	9.67570893919e-05	0.0	0.0	0.0	0.000353188051951	0.0	0.0	0.000158055121197	0.00128575400633	0.0	0.0	5.70296126264e-05	0.000292265030606	0.000300945389848	0.0	0.0	0.0
lane7-s655-index--CGAAACGC-ATAGAGAG-YZ5-5-plexWell96-45_S655_L007_R1_001	0.0	0.0	0.0	0.0	0.0	0.0	0.0	0.0	0.0	0.0	0.0	0.0	0.0	0.0	6.39675556558e-05	0.000127935111312	0.000255870222623	0.000191902666967	3.19837778279e-05	0.0	0.000355096440965	6.50865390623e-05	0.0	0.0	0.0	0.000237566370105	0.0	0.0	0.000141521082749	0.00097072997456	0.0	0.0	0.0	0.000466801468557	0.000478187859288	0.0	0.0	0.0
lane7-s656-index--GTGTGATT-ATAGAGAG-ACR-134-1-plexWell96-46_S656_L007_R1_001	0.0	0.0	0.0	0.0	0.0	0.0	0.0	0.0	0.0	0.0	0.0	0.0	0.0	0.0	7.34616218122e-05	7.34616218122e-05	0.000587692974498	0.000146923243624	0.0	0.0	0.000295347029067	0.0	0.0	0.0	7.59614632305e-05	0.000230153481685	7.75713345993e-05	0.0	0.000238738125762	0.00121138899477	0.0	8.3571581985e-05	0.0	0.0	0.000179187545749	0.0	0.0	0.0
lane7-s657-index--AGGCTGGA-ATAGAGAG-ACR-134-2-plexWell96-47_S657_L007_R1_001	0.0	0.0	0.0	0.0	0.0	0.0	0.0	0.0	0.0	0.0	0.0	0.0	0.0	0.0	0.0	0.0	0.000699998250004	0.0	0.0	0.0	0.000351989975326	0.0	0.0	0.0	0.0	0.0	0.0	0.0	0.0	0.0	0.0	0.0	0.0	0.0	0.000439016252382	0.0	0.0	0.0
lane7-s658-index--CGTGCTGG-ATAGAGAG-ACR-134-3-plexWell96-48_S658_L007_R1_001	0.0	0.0	0.0	0.0	0.0	0.0	0.0	0.0	0.0	0.0	0.0	0.0	0.0	0.0	6.69037288793e-05	6.69037288793e-05	0.000802844746552	0.000401422373276	0.0	0.0	0.000269003590525	0.0	0.0	0.0	0.0	0.000209649759112	7.06345383115e-05	0.0	0.000217333033897	0.00147002076404	0.0	0.0	0.0	0.000317967045895	0.000408281917031	0.0	0.0	0.0
lane7-s659-index--AATAGGAT-ATAGAGAG-ACR-134-4-plexWell96-49_S659_L007_R1_001	0.0	0.0	0.0	0.0	0.0	0.0	0.0	0.0	0.0	0.0	0.0	0.0	0.0	0.0	0.0	0.000116510736464	0.00104859662818	0.000466042945857	0.000233021472929	0.0	0.000585645363621	0.0	0.0	0.0	0.0	0.000122337477719	0.000123886876415	0.0	0.0	0.00142501075235	0.0	0.0	0.0	0.0	0.000728160288468	0.0	0.0	0.0
lane7-s660-index--CGTCTGCC-ATAGAGAG-ACR-134-5-plexWell96-50_S660_L007_R1_001	0.0	0.0	0.0	0.0	0.0	0.0	0.0	0.0	0.0	0.0	0.0	0.0	0.0	0.0	0.0	0.000128958211092	0.000967186583188	0.000386874633275	0.0	0.0	0.000259304661585	0.0	0.0	0.0	0.0	0.000403770408071	0.000135980788634	0.0	0.000278336770792	0.00162206459202	0.0	0.0	0.0	0.000150816369005	0.000231362586819	0.0	0.0	0.0
lane7-s661-index--GAATCTAG-ATAGAGAG-SHI-Plate1-A1-1-plexWell96-51_S661_L007_R1_001	0.0	0.0	0.0	0.0	0.0	0.0	0.0	0.0	0.0	0.0	0.0	0.0	0.0	0.0	2.34128159413e-05	4.68256318826e-05	0.000163889711589	0.000280953791296	4.68256318826e-05	0.0	0.000259216807052	4.73754026909e-05	0.0	0.0	0.0	9.7233606657e-05	2.44957128828e-05	0.0	9.97244861758e-05	0.000604460312647	0.0	0.0	0.0	0.00023944423397	0.000353345557278	0.0	0.0	0.0
lane7-s662-index--ATGCGTCA-ATAGAGAG-SHI-Plate1-A1-2-plexWell96-52_S662_L007_R1_001	0.0	0.0	0.0	0.0	0.0	0.0	0.000130369937735	0.0	0.0	0.0	0.0	0.0	0.0	0.0	0.0	2.60739875471e-05	0.000234665887924	0.000156443925282	2.60739875471e-05	0.0	0.00023618904256	0.0	0.0	0.0	0.0	5.40980928258e-05	2.72574928122e-05	0.0	8.3212559549e-05	0.000868268538093	0.0	0.0	0.0	0.000235805677257	0.000269993385162	0.0	0.0	0.0
lane7-s663-index--GCAAGTAC-ATAGAGAG-SHI-Plate1-A1-3-plexWell96-53_S663_L007_R1_001	0.0	0.0	0.0	0.0	0.0	0.0	0.0	0.0	0.0	0.0	0.0	1.88368259948e-05	0.0	0.0	0.0	3.76736519896e-05	0.000244878737933	0.000301389215917	5.65104779845e-05	0.0	0.00028438051402	7.62264114988e-05	0.0	0.0	0.0	0.000156285164162	3.93587359863e-05	0.0	8.00716961968e-05	0.000848828495415	2.04213746444e-05	0.0	0.0	0.000234439853923	0.000347526383226	0.0	0.0	0.0
lane7-s664-index--ACTGACCT-ATAGAGAG-SHI-Plate1-A1-4-plexWell96-54_S664_L007_R1_001	0.0	0.0	0.0	0.0	0.0	0.0	0.0	0.0	0.0	0.0	0.0	0.0	0.0	0.0	0.0	0.000163803651839	0.000262085842942	0.000163803651839	3.27607303677e-05	0.0	0.00032981388932	0.0	0.0	0.0	0.0	6.80149034256e-05	3.42716100494e-05	0.0	0.000139470792027	0.00119734457147	0.0	0.0	0.0	0.000185684676966	0.000227136445405	0.0	0.0	0.0
lane7-s665-index--GAAGACCA-ATAGAGAG-SHI-Plate1-A1-5-plexWell96-55_S665_L007_R1_001	0.0	0.0	0.0	0.0	0.0	0.0	0.0	0.0	0.0	0.0	0.0	0.0	0.0	0.0	0.0	1.82346489329e-05	0.000291754382926	0.000145877191463	0.0	0.0	0.000312244120535	0.0	0.0	0.0	0.0	0.000189708287463	0.0	0.0	9.72413409503e-05	0.000824718947564	0.0	0.0	0.0	0.000267567835135	0.000438489982488	0.0	0.0	0.0
lane7-s666-index--CAGAAGCG-ATAGAGAG-Mock-1-plexWell96-56_S666_L007_R1_001	0.0	0.0	0.0	0.0	0.0	0.0	0.0	0.0	0.0	0.0	0.0	0.0	0.0	0.0	0.0	6.9867124374e-05	0.000163023290206	0.00023289041458	0.0	0.0	0.000187308053146	7.05751996396e-05	0.0	0.0	0.0	7.25385844821e-05	0.0	0.0	2.4902519089e-05	0.000957571276692	0.0	0.0	0.0	0.000268957467066	0.0002202233891	0.0	0.0	0.0
lane7-s667-index--AGCTCTAC-ATAGAGAG-Mock-2-plexWell96-57_S667_L007_R1_001	0.0	0.0	0.0	0.0	0.0	0.0	0.0	0.0	0.0	0.0	0.0	0.0	0.0	0.0	0.0	0.0	0.000260257394563	0.000130128697282	0.0	0.0	0.0	0.000263695347491	0.0	0.0	0.0	0.000273732992627	0.0	0.0	0.0	0.0011555917641	0.0	0.0	0.0	0.000156334518349	0.000320727666931	0.0	0.0	0.0
lane7-s668-index--CCACTACT-ATAGAGAG-Mock-3-plexWell96-58_S668_L007_R1_001	0.0	0.0	0.0	0.0	0.0	0.0	0.0	0.0	0.0	0.0	0.0	0.0	0.0	0.0	0.0	2.66004139024e-05	0.000319204966829	0.000399006208537	2.66004139024e-05	0.0	0.000455236586454	8.08015296268e-05	0.0	0.0	0.0	0.000139166254966	2.81224496453e-05	0.0	8.63559847e-05	0.00105024763964	0.0	0.0	3.06518483371e-05	0.000187538093675	0.000224116181829	0.0	0.0	0.0
lane7-s669-index--GACCTACA-ATAGAGAG-Mock-4-plexWell96-59_S669_L007_R1_001	0.0	0.0	0.0	0.0	0.0	0.0	0.0	0.0	0.0	0.0	0.0	0.0	0.0	0.0	0.0	0.0	0.000202052857027	0.000202052857027	0.000101026428514	5.05997077361e-05	0.000152624842033	0.0	0.0	0.0	0.0	0.000213074462067	5.39584455219e-05	5.47263899409e-05	0.0	0.000621467522107	0.0	5.87145965661e-05	0.0	0.000123141562925	6.35240069927e-05	0.0	0.0	0.0
lane7-s670-index--CACGTCCG-ATAGAGAG-Mock-5-plexWell96-60_S670_L007_R1_001	0.0	0.0	0.0	0.0	0.0	0.0	0.0	0.0	0.0	0.0	0.0	0.0	0.0	0.0	0.0	0.000114259960453	0.000139651062776	0.000266606574391	1.26955511615e-05	0.0	0.000268084638661	2.56564293665e-05	0.0	0.0	0.0	7.90271130171e-05	5.31206524066e-05	1.33993672015e-05	8.11896338158e-05	0.000765942372411	0.0	0.0	0.0	0.000231419140272	0.000486146518373	0.0	0.0	0.0
