	25.0	26.0	27.0	28.0	29.0	30.0	31.0	32.0	33.0	34.0	35.0	36.0	37.0	38.0	39.0	40.0
lane7-s014-indexRPI2-CGATGT-YZ5-1-NEXTFLEXRapidXP_S14_L007_R1_001	2877.0	4921.0	7741.0	11523.0	15938.0	21238.0	27062.0	34532.0	43330.0	54929.0	69852.0	92208.0	128830.0	205915.0	459644.0	1830174.0
	25.0	26.0	27.0	28.0	29.0	30.0	31.0	32.0	33.0	34.0	35.0	36.0	37.0	38.0	39.0	40.0
lane7-s015-indexRPI4-TGACCA-YZ5-2-NEXTFLEXRapidXP_S15_L007_R1_001	3576.0	5695.0	8874.0	12760.0	17912.0	23909.0	30909.0	39818.0	50248.0	63606.0	80939.0	106406.0	149470.0	239945.0	536191.0	2028349.0
	25.0	26.0	27.0	28.0	29.0	30.0	31.0	32.0	33.0	34.0	35.0	36.0	37.0	38.0	39.0	40.0
lane7-s016-indexRPI5-ACAGTG-YZ5-3-NEXTFLEXRapidXP_S16_L007_R1_001	2514.0	4014.0	6319.0	9075.0	12742.0	16803.0	21699.0	27471.0	35257.0	45230.0	57581.0	77171.0	110760.0	181045.0	397489.0	1294983.0
	25.0	26.0	27.0	28.0	29.0	30.0	31.0	32.0	33.0	34.0	35.0	36.0	37.0	38.0	39.0	40.0
lane7-s017-indexRPI6-GCCAAT-YZ5-4-NEXTFLEXRapidXP_S17_L007_R1_001	2383.0	3868.0	6354.0	9157.0	12470.0	16110.0	20150.0	25566.0	32537.0	39939.0	51246.0	67277.0	93644.0	150555.0	336303.0	1328714.0
	25.0	26.0	27.0	28.0	29.0	30.0	31.0	32.0	33.0	34.0	35.0	36.0	37.0	38.0	39.0	40.0
lane7-s018-indexRPI7-CAGATC-YZ5-5-NEXTFLEXRapidXP_S18_L007_R1_001	2257.0	3745.0	5893.0	8655.0	11598.0	15279.0	20210.0	25552.0	32138.0	40313.0	51178.0	65809.0	90558.0	142055.0	313367.0	1453613.0
	25.0	26.0	27.0	28.0	29.0	30.0	31.0	32.0	33.0	34.0	35.0	36.0	37.0	38.0	39.0	40.0
lane7-s019-indexRPI12-CTTGTA-ACR-134-1-NEXTFLEXRapidXP_S19_L007_R1_001	3132.0	4472.0	6332.0	7560.0	8703.0	9902.0	11590.0	13867.0	16698.0	20111.0	24611.0	30962.0	40950.0	59722.0	118724.0	398667.0
	25.0	26.0	27.0	28.0	29.0	30.0	31.0	32.0	33.0	34.0	35.0	36.0	37.0	38.0	39.0	40.0
lane7-s020-indexRPI1-ATCACG-ACR-134-2-NEXTFLEXRapidXP_S20_L007_R1_001	4629.0	6384.0	8306.0	9299.0	11119.0	13747.0	16691.0	20800.0	25722.0	33006.0	43491.0	58604.0	78593.0	102167.0	118590.0	55158.0
	25.0	26.0	27.0	28.0	29.0	30.0	31.0	32.0	33.0	34.0	35.0	36.0	37.0	38.0	39.0	40.0
lane7-s021-index-TTAGGC-ACR-134-3-NEXTFLEXRapidXP_S21_L007_R1_001	2921.0	4203.0	5864.0	6553.0	7128.0	8315.0	9538.0	11819.0	14171.0	17291.0	21090.0	26536.0	35384.0	51268.0	101515.0	359351.0
	25.0	26.0	27.0	28.0	29.0	30.0	31.0	32.0	33.0	34.0	35.0	36.0	37.0	38.0	39.0	40.0
lane7-s022-indexRPI8-ACTTGA-ACR-134-4-NEXTFLEXRapidXP_S22_L007_R1_001	2183.0	3199.0	5211.0	6854.0	8085.0	8698.0	9777.0	10874.0	12424.0	14400.0	17997.0	22200.0	28670.0	41429.0	80843.0	283544.0
	25.0	26.0	27.0	28.0	29.0	30.0	31.0	32.0	33.0	34.0	35.0	36.0	37.0	38.0	39.0	40.0
lane7-s023-indexRPI9-GATCAG-ACR-134-5-NEXTFLEXRapidXP_S23_L007_R1_001	2335.0	3175.0	4933.0	6578.0	8410.0	9592.0	11052.0	12985.0	15352.0	18906.0	22932.0	28764.0	37495.0	52817.0	101147.0	350947.0
	25.0	26.0	27.0	28.0	29.0	30.0	31.0	32.0	33.0	34.0	35.0	36.0	37.0	38.0	39.0	40.0
lane7-s024-indexRPI10-TAGCTT-SHI-Plate1-A1-1-NEXTFLEXRapidXP_S24_L007_R1_001	5154.0	7974.0	12523.0	18343.0	25576.0	34288.0	44086.0	55897.0	70225.0	87691.0	113052.0	149353.0	208821.0	333666.0	729446.0	2425802.0
	25.0	26.0	27.0	28.0	29.0	30.0	31.0	32.0	33.0	34.0	35.0	36.0	37.0	38.0	39.0	40.0
lane7-s025-indexRPI11-GGCTAC-SHI-Plate1-A1-2-NEXTFLEXRapidXP_S25_L007_R1_001	4303.0	6771.0	10162.0	14633.0	20218.0	27333.0	35489.0	45252.0	57530.0	72993.0	94272.0	125672.0	180053.0	292777.0	630729.0	1772024.0
	25.0	26.0	27.0	28.0	29.0	30.0	31.0	32.0	33.0	34.0	35.0	36.0	37.0	38.0	39.0	40.0
lane7-s026-indexRPI25-ACTGAT-SHI-Plate1-A1-3-NEXTFLEXRapidXP_S26_L007_R1_001	4906.0	7821.0	12165.0	17880.0	24285.0	31697.0	40575.0	51090.0	64080.0	80016.0	101783.0	134264.0	187498.0	297961.0	644940.0	2166301.0
	25.0	26.0	27.0	28.0	29.0	30.0	31.0	32.0	33.0	34.0	35.0	36.0	37.0	38.0	39.0	40.0
lane7-s027-indexRPI26-ATGAGC-SHI-Plate1-A1-4-NEXTFLEXRapidXP_S27_L007_R1_001	3769.0	5786.0	9055.0	12904.0	17799.0	22800.0	29186.0	36622.0	45872.0	57493.0	73659.0	97264.0	137279.0	220008.0	478056.0	1502661.0
	25.0	26.0	27.0	28.0	29.0	30.0	31.0	32.0	33.0	34.0	35.0	36.0	37.0	38.0	39.0	40.0
lane7-s028-indexRPI27-ATTCCT-SHI-Plate1-A1-5-NEXTFLEXRapidXP_S28_L007_R1_001	3833.0	6300.0	9974.0	14285.0	20251.0	27006.0	35087.0	44754.0	55751.0	69785.0	87766.0	113899.0	158063.0	246950.0	543345.0	2062126.0
	25.0	26.0	27.0	28.0	29.0	30.0	31.0	32.0	33.0	34.0	35.0	36.0	37.0	38.0	39.0	40.0
lane7-s029-indexRPI28-CAAAAG-Mock-1-NEXTFLEXRapidXP_S29_L007_R1_001	2943.0	4905.0	8412.0	12739.0	17852.0	22521.0	28358.0	35259.0	44469.0	56509.0	73512.0	100478.0	146189.0	242298.0	543160.0	1711288.0
	25.0	26.0	27.0	28.0	29.0	30.0	31.0	32.0	33.0	34.0	35.0	36.0	37.0	38.0	39.0	40.0
lane7-s030-indexRPI29-CAACTA-Mock-2-NEXTFLEXRapidXP_S30_L007_R1_001	3067.0	4915.0	8125.0	12216.0	17394.0	23101.0	30538.0	39161.0	49454.0	62698.0	80852.0	108282.0	154347.0	249565.0	563904.0	2167100.0
	25.0	26.0	27.0	28.0	29.0	30.0	31.0	32.0	33.0	34.0	35.0	36.0	37.0	38.0	39.0	40.0
lane7-s031-indexRPI30-CACCGG-Mock-3-NEXTFLEXRapidXP_S31_L007_R1_001	3020.0	4892.0	7782.0	11545.0	16617.0	22345.0	29493.0	38385.0	49069.0	62622.0	82040.0	110395.0	159127.0	262652.0	588482.0	1909221.0
	25.0	26.0	27.0	28.0	29.0	30.0	31.0	32.0	33.0	34.0	35.0	36.0	37.0	38.0	39.0	40.0
lane7-s032-indexRPI31-CACGAT-Mock-4-NEXTFLEXRapidXP_S32_L007_R1_001	3503.0	5604.0	9181.0	13855.0	19892.0	26918.0	35420.0	46088.0	59123.0	75643.0	98700.0	132849.0	190252.0	311053.0	706571.0	2436721.0
	25.0	26.0	27.0	28.0	29.0	30.0	31.0	32.0	33.0	34.0	35.0	36.0	37.0	38.0	39.0	40.0
lane7-s033-indexRPI32-CACTCA-Mock-5-NEXTFLEXRapidXP_S33_L007_R1_001	3242.0	5420.0	8724.0	12986.0	19281.0	26548.0	35220.0	46423.0	59241.0	75891.0	98822.0	129485.0	182047.0	292738.0	653431.0	2759784.0
	25.0	26.0	27.0	28.0	29.0	30.0	31.0	32.0	33.0	34.0	35.0	36.0	37.0	38.0	39.0	40.0	41.0
lane7-s097-index-TTGGAATG-YZ5-1-plexWell96-1_S97_L007_R1_001	429.0	671.0	1021.0	1580.0	2183.0	2926.0	3876.0	4906.0	6161.0	7578.0	9430.0	12455.0	16618.0	26187.0	57897.0	271255.0	318.0
	25.0	26.0	27.0	28.0	29.0	30.0	31.0	32.0	33.0	34.0	35.0	36.0	37.0	38.0	39.0	40.0	41.0
lane7-s098-index-GGGACAAC-YZ5-2-plexWell96-2_S98_L007_R1_001	497.0	871.0	1365.0	2011.0	2781.0	3683.0	4983.0	6440.0	8120.0	9965.0	12441.0	16189.0	21952.0	34469.0	75860.0	347974.0	434.0
	25.0	26.0	27.0	28.0	29.0	30.0	31.0	32.0	33.0	34.0	35.0	36.0	37.0	38.0	39.0	40.0	41.0
lane7-s099-index-GCTGGATC-YZ5-3-plexWell96-3_S99_L007_R1_001	617.0	991.0	1509.0	2282.0	3303.0	4428.0	5809.0	7419.0	9388.0	11946.0	14648.0	18541.0	25852.0	40749.0	90214.0	409870.0	398.0
	25.0	26.0	27.0	28.0	29.0	30.0	31.0	32.0	33.0	34.0	35.0	36.0	37.0	38.0	39.0	40.0	41.0
lane7-s100-index-ACACTCAA-YZ5-4-plexWell96-4_S100_L007_R1_001	287.0	483.0	666.0	1048.0	1444.0	2075.0	2823.0	3524.0	4359.0	5493.0	6781.0	8730.0	11969.0	18419.0	40650.0	200812.0	263.0
	25.0	26.0	27.0	28.0	29.0	30.0	31.0	32.0	33.0	34.0	35.0	36.0	37.0	38.0	39.0	40.0	41.0
lane7-s101-index-ACTAGCTA-YZ5-5-plexWell96-5_S101_L007_R1_001	556.0	942.0	1379.0	2090.0	2988.0	3952.0	5321.0	6634.0	8174.0	10355.0	13000.0	16614.0	22861.0	35329.0	78515.0	367272.0	104.0
	25.0	26.0	27.0	28.0	29.0	30.0	31.0	32.0	33.0	34.0	35.0	36.0	37.0	38.0	39.0	40.0	41.0
lane7-s102-index-GATGATTG-ACR-134-1-plexWell96-6_S102_L007_R1_001	742.0	985.0	1257.0	1632.0	1996.0	2648.0	3208.0	3931.0	4840.0	5829.0	7236.0	9132.0	12261.0	18086.0	35316.0	153399.0	629.0
	25.0	26.0	27.0	28.0	29.0	30.0	31.0	32.0	33.0	34.0	35.0	36.0	37.0	38.0	39.0	40.0	41.0
lane7-s103-index-GCAATCTT-ACR-134-2-plexWell96-7_S103_L007_R1_001	740.0	910.0	1172.0	1501.0	1974.0	2482.0	3088.0	3758.0	4627.0	5780.0	7106.0	8963.0	11937.0	17006.0	33352.0	142185.0	357.0
	25.0	26.0	27.0	28.0	29.0	30.0	31.0	32.0	33.0	34.0	35.0	36.0	37.0	38.0	39.0	40.0	41.0
lane7-s104-index-AGAGTGTC-ACR-134-3-plexWell96-8_S104_L007_R1_001	181.0	269.0	351.0	484.0	614.0	763.0	906.0	1187.0	1421.0	1730.0	2182.0	2719.0	3617.0	5188.0	10507.0	43773.0	81.0
	25.0	26.0	27.0	28.0	29.0	30.0	31.0	32.0	33.0	34.0	35.0	36.0	37.0	38.0	39.0	40.0	41.0
lane7-s105-index-TTAATGCG-ACR-134-4-plexWell96-9_S105_L007_R1_001	583.0	776.0	1077.0	1267.0	1632.0	2048.0	2590.0	3194.0	3887.0	4600.0	5909.0	7722.0	11128.0	17938.0	33729.0	56115.0	176.0
	25.0	26.0	27.0	28.0	29.0	30.0	31.0	32.0	33.0	34.0	35.0	36.0	37.0	38.0	39.0	40.0	41.0
lane7-s106-index-TCCTATAT-ACR-134-5-plexWell96-10_S106_L007_R1_001	941.0	1259.0	1548.0	2082.0	2786.0	3303.0	4155.0	5195.0	6399.0	7712.0	9573.0	12254.0	16061.0	23777.0	45374.0	193661.0	165.0
	25.0	26.0	27.0	28.0	29.0	30.0	31.0	32.0	33.0	34.0	35.0	36.0	37.0	38.0	39.0	40.0	41.0
lane7-s107-index-CCATATCC-SHI-Plate1-A1-1-plexWell96-11_S107_L007_R1_001	1202.0	1959.0	3030.0	4488.0	6304.0	8647.0	11409.0	14574.0	18503.0	23314.0	28980.0	38452.0	53303.0	84590.0	186193.0	651974.0	321.0
	25.0	26.0	27.0	28.0	29.0	30.0	31.0	32.0	33.0	34.0	35.0	36.0	37.0	38.0	39.0	40.0	41.0
lane7-s108-index-AGCCGACG-SHI-Plate1-A1-2-plexWell96-12_S108_L007_R1_001	1161.0	1864.0	2653.0	3564.0	4728.0	6145.0	7929.0	9978.0	12754.0	16865.0	22341.0	30678.0	43397.0	61977.0	86591.0	63496.0	1.0
	25.0	26.0	27.0	28.0	29.0	30.0	31.0	32.0	33.0	34.0	35.0	36.0	37.0	38.0	39.0	40.0	41.0
lane7-s109-index-CGAATTCA-SHI-Plate1-A1-3-plexWell96-13_S109_L007_R1_001	669.0	1119.0	1831.0	2628.0	3754.0	5061.0	6937.0	8818.0	11511.0	14407.0	18918.0	25359.0	36968.0	60797.0	130677.0	330751.0	126.0
	25.0	26.0	27.0	28.0	29.0	30.0	31.0	32.0	33.0	34.0	35.0	36.0	37.0	38.0	39.0	40.0	41.0
lane7-s110-index-GTCAGACC-SHI-Plate1-A1-4-plexWell96-14_S110_L007_R1_001	1154.0	1816.0	2777.0	4104.0	5789.0	7666.0	10277.0	13239.0	16630.0	21630.0	27572.0	37727.0	54427.0	89061.0	187699.0	441264.0	314.0
	25.0	26.0	27.0	28.0	29.0	30.0	31.0	32.0	33.0	34.0	35.0	36.0	37.0	38.0	39.0	40.0
lane7-s111-index-CATTGCCT-SHI-Plate1-A1-5-plexWell96-15_S111_L007_R1_001	791.0	1273.0	1886.0	2824.0	4031.0	5340.0	7065.0	9173.0	11423.0	14470.0	18201.0	23934.0	33560.0	53431.0	114938.0	387897.0
	25.0	26.0	27.0	28.0	29.0	30.0	31.0	32.0	33.0	34.0	35.0	36.0	37.0	38.0	39.0	40.0	41.0
lane7-s112-index-TAACCGCA-Mock-1-plexWell96-16_S112_L007_R1_001	704.0	1201.0	1804.0	2485.0	3878.0	5123.0	6764.0	8662.0	11027.0	13826.0	17323.0	22319.0	30770.0	48109.0	106188.0	491888.0	578.0
	25.0	26.0	27.0	28.0	29.0	30.0	31.0	32.0	33.0	34.0	35.0	36.0	37.0	38.0	39.0	40.0	41.0
lane7-s113-index-GCGCGAAG-Mock-2-plexWell96-17_S113_L007_R1_001	267.0	506.0	812.0	1183.0	1701.0	2385.0	3141.0	4195.0	5224.0	6701.0	8321.0	10799.0	15034.0	24083.0	52790.0	235351.0	324.0
	25.0	26.0	27.0	28.0	29.0	30.0	31.0	32.0	33.0	34.0	35.0	36.0	37.0	38.0	39.0	40.0	41.0
lane7-s114-index-AACACGTG-Mock-3-plexWell96-18_S114_L007_R1_001	876.0	1410.0	2319.0	3445.0	4910.0	6868.0	9214.0	11806.0	15057.0	19064.0	23976.0	31523.0	43555.0	68902.0	153746.0	697814.0	950.0
	25.0	26.0	27.0	28.0	29.0	30.0	31.0	32.0	33.0	34.0	35.0	36.0	37.0	38.0	39.0	40.0	41.0
lane7-s115-index-GTAGTCAC-Mock-4-plexWell96-19_S115_L007_R1_001	712.0	1200.0	1878.0	2861.0	4004.0	5356.0	7172.0	9260.0	11595.0	14416.0	17854.0	23281.0	31660.0	48922.0	107404.0	510899.0	1285.0
	25.0	26.0	27.0	28.0	29.0	30.0	31.0	32.0	33.0	34.0	35.0	36.0	37.0	38.0	39.0	40.0	41.0
lane7-s116-index-GAGTTCTC-Mock-5-plexWell96-20_S116_L007_R1_001	1188.0	1944.0	3234.0	4954.0	7210.0	10434.0	14380.0	19423.0	25793.0	33605.0	44139.0	59643.0	85298.0	138284.0	313147.0	1304757.0	580.0
	25.0	26.0	27.0	28.0	29.0	30.0	31.0	32.0	33.0	34.0	35.0	36.0	37.0	38.0	39.0	40.0	41.0
lane7-s117-index-GTGAGGAA-YZ5-1-plexWell96-21_S117_L007_R1_001	437.0	597.0	1043.0	1508.0	2130.0	2960.0	4037.0	4974.0	6291.0	7982.0	10191.0	13054.0	18405.0	28913.0	63541.0	297846.0	307.0
	25.0	26.0	27.0	28.0	29.0	30.0	31.0	32.0	33.0	34.0	35.0	36.0	37.0	38.0	39.0	40.0	41.0
lane7-s118-index-GATTCGTA-YZ5-2-plexWell96-22_S118_L007_R1_001	534.0	768.0	1295.0	1883.0	2703.0	3636.0	4808.0	6135.0	7816.0	9651.0	12158.0	15639.0	21705.0	33678.0	74576.0	349122.0	363.0
	25.0	26.0	27.0	28.0	29.0	30.0	31.0	32.0	33.0	34.0	35.0	36.0	37.0	38.0	39.0	40.0	41.0
lane7-s119-index-GATGCAAT-YZ5-3-plexWell96-23_S119_L007_R1_001	651.0	1081.0	1643.0	2411.0	3409.0	4541.0	6100.0	7801.0	9858.0	12022.0	14932.0	19208.0	26130.0	40453.0	88611.0	429224.0	653.0
	25.0	26.0	27.0	28.0	29.0	30.0	31.0	32.0	33.0	34.0	35.0	36.0	37.0	38.0	39.0	40.0	41.0
lane7-s120-index-ACACGGTT-YZ5-4-plexWell96-24_S120_L007_R1_001	578.0	894.0	1435.0	2149.0	3091.0	4207.0	5562.0	6921.0	8966.0	11194.0	13580.0	17729.0	23929.0	37342.0	82575.0	384717.0	568.0
	25.0	26.0	27.0	28.0	29.0	30.0	31.0	32.0	33.0	34.0	35.0	36.0	37.0	38.0	39.0	40.0	41.0
lane7-s121-index-GAGGCTGC-YZ5-5-plexWell96-25_S121_L007_R1_001	1094.0	1793.0	2726.0	4023.0	5575.0	7691.0	9967.0	12706.0	15839.0	19837.0	24727.0	31839.0	43297.0	68696.0	153614.0	636884.0	199.0
	25.0	26.0	27.0	28.0	29.0	30.0	31.0	32.0	33.0	34.0	35.0	36.0	37.0	38.0	39.0	40.0	41.0
lane7-s122-index-ACAGTTCG-ACR-134-1-plexWell96-26_S122_L007_R1_001	811.0	1090.0	1492.0	1979.0	2488.0	3066.0	3785.0	4774.0	5913.0	7114.0	9267.0	12162.0	17160.0	27732.0	51118.0	79434.0	151.0
	25.0	26.0	27.0	28.0	29.0	30.0	31.0	32.0	33.0	34.0	35.0	36.0	37.0	38.0	39.0	40.0	41.0
lane7-s123-index-CGGAGATA-ACR-134-2-plexWell96-27_S123_L007_R1_001	588.0	785.0	1013.0	1323.0	1748.0	2280.0	2748.0	3394.0	4194.0	5089.0	6378.0	8243.0	11247.0	17019.0	33774.0	116678.0	1062.0
	25.0	26.0	27.0	28.0	29.0	30.0	31.0	32.0	33.0	34.0	35.0	36.0	37.0	38.0	39.0	40.0	41.0
lane7-s124-index-TCGCCAGC-ACR-134-3-plexWell96-28_S124_L007_R1_001	905.0	1231.0	1543.0	1964.0	2452.0	3213.0	3849.0	4754.0	5800.0	7397.0	8878.0	11044.0	14861.0	21508.0	41529.0	181959.0	639.0
	25.0	26.0	27.0	28.0	29.0	30.0	31.0	32.0	33.0	34.0	35.0	36.0	37.0	38.0	39.0	40.0	41.0
lane7-s125-index-TGCACTGT-ACR-134-4-plexWell96-29_S125_L007_R1_001	405.0	548.0	753.0	866.0	1149.0	1435.0	1762.0	2150.0	2563.0	3047.0	3863.0	4819.0	6570.0	9548.0	18670.0	85608.0	369.0
	25.0	26.0	27.0	28.0	29.0	30.0	31.0	32.0	33.0	34.0	35.0	36.0	37.0	38.0	39.0	40.0	41.0
lane7-s126-index-GTACGCGA-ACR-134-5-plexWell96-30_S126_L007_R1_001	1391.0	1775.0	2314.0	2855.0	3730.0	4839.0	5851.0	7413.0	9052.0	10865.0	13721.0	17106.0	22727.0	34174.0	66082.0	266773.0	249.0
	25.0	26.0	27.0	28.0	29.0	30.0	31.0	32.0	33.0	34.0	35.0	36.0	37.0	38.0	39.0	40.0	41.0
lane7-s127-index-CTATCCGG-SHI-Plate1-A1-1-plexWell96-31_S127_L007_R1_001	1647.0	2597.0	4025.0	5963.0	8189.0	11293.0	14665.0	18921.0	24004.0	30153.0	38327.0	50423.0	71102.0	113777.0	250312.0	830891.0	621.0
	25.0	26.0	27.0	28.0	29.0	30.0	31.0	32.0	33.0	34.0	35.0	36.0	37.0	38.0	39.0	40.0	41.0
lane7-s128-index-CTTAGAGT-SHI-Plate1-A1-2-plexWell96-32_S128_L007_R1_001	1179.0	1984.0	3024.0	4591.0	6464.0	8889.0	11922.0	15390.0	19769.0	24648.0	31829.0	41775.0	58585.0	92929.0	206191.0	713877.0	537.0
	25.0	26.0	27.0	28.0	29.0	30.0	31.0	32.0	33.0	34.0	35.0	36.0	37.0	38.0	39.0	40.0	41.0
lane7-s129-index-CAAGGACC-SHI-Plate1-A1-3-plexWell96-33_S129_L007_R1_001	1550.0	2630.0	3990.0	5927.0	8290.0	11447.0	14894.0	19243.0	24175.0	30347.0	37978.0	49801.0	69779.0	110730.0	243608.0	861019.0	657.0
	25.0	26.0	27.0	28.0	29.0	30.0	31.0	32.0	33.0	34.0	35.0	36.0	37.0	38.0	39.0	40.0	41.0
lane7-s130-index-AGACAGAG-SHI-Plate1-A1-4-plexWell96-34_S130_L007_R1_001	81.0	122.0	218.0	295.0	414.0	585.0	738.0	935.0	1186.0	1502.0	1789.0	2404.0	3293.0	5001.0	10870.0	48337.0	61.0
	25.0	26.0	27.0	28.0	29.0	30.0	31.0	32.0	33.0	34.0	35.0	36.0	37.0	38.0	39.0	40.0	41.0
lane7-s131-index-TCGGATCA-SHI-Plate1-A1-5-plexWell96-35_S131_L007_R1_001	388.0	640.0	980.0	1499.0	2054.0	2826.0	3716.0	4894.0	6303.0	7989.0	10274.0	13928.0	19449.0	31045.0	65952.0	195468.0	57.0
	25.0	26.0	27.0	28.0	29.0	30.0	31.0	32.0	33.0	34.0	35.0	36.0	37.0	38.0	39.0	40.0	41.0
lane7-s132-index-TAATGGAC-Mock-1-plexWell96-36_S132_L007_R1_001	559.0	909.0	1512.0	2263.0	3252.0	4360.0	5786.0	7322.0	9201.0	11723.0	14595.0	18731.0	25734.0	40517.0	89924.0	426406.0	546.0
	25.0	26.0	27.0	28.0	29.0	30.0	31.0	32.0	33.0	34.0	35.0	36.0	37.0	38.0	39.0	40.0	41.0
lane7-s133-index-TAGCAACT-Mock-2-plexWell96-37_S133_L007_R1_001	658.0	1045.0	1712.0	2524.0	3651.0	5171.0	6799.0	8592.0	10970.0	13842.0	17165.0	22222.0	30970.0	48945.0	109574.0	473008.0	603.0
	25.0	26.0	27.0	28.0	29.0	30.0	31.0	32.0	33.0	34.0	35.0	36.0	37.0	38.0	39.0	40.0	41.0
lane7-s134-index-ATAGCACA-Mock-3-plexWell96-38_S134_L007_R1_001	483.0	805.0	1263.0	1890.0	2650.0	3694.0	4729.0	6273.0	7982.0	9815.0	12485.0	16236.0	22181.0	34924.0	77036.0	350562.0	323.0
	25.0	26.0	27.0	28.0	29.0	30.0	31.0	32.0	33.0	34.0	35.0	36.0	37.0	38.0	39.0	40.0	41.0
lane7-s135-index-ATCAACCG-Mock-4-plexWell96-39_S135_L007_R1_001	869.0	1395.0	2054.0	2943.0	3921.0	5207.0	6764.0	8333.0	10414.0	13065.0	17380.0	24271.0	35916.0	59553.0	114005.0	141053.0	110.0
	25.0	26.0	27.0	28.0	29.0	30.0	31.0	32.0	33.0	34.0	35.0	36.0	37.0	38.0	39.0	40.0	41.0
lane7-s136-index-TTCCTCAT-Mock-5-plexWell96-40_S136_L007_R1_001	1310.0	2186.0	3571.0	5391.0	7696.0	10919.0	14594.0	18809.0	24242.0	30619.0	39077.0	50900.0	70871.0	112712.0	251399.0	1124833.0	535.0
	25.0	26.0	27.0	28.0	29.0	30.0	31.0	32.0	33.0	34.0	35.0	36.0	37.0	38.0	39.0	40.0	41.0
lane7-s137-index-AGCTACGT-YZ5-1-plexWell96-41_S137_L007_R1_001	377.0	616.0	918.0	1373.0	1870.0	2556.0	3364.0	4431.0	5382.0	6788.0	8435.0	10960.0	14758.0	23305.0	51012.0	222986.0	267.0
	25.0	26.0	27.0	28.0	29.0	30.0	31.0	32.0	33.0	34.0	35.0	36.0	37.0	38.0	39.0	40.0	41.0
lane7-s138-index-ATTCCATC-YZ5-2-plexWell96-42_S138_L007_R1_001	401.0	678.0	1103.0	1675.0	2295.0	3059.0	4134.0	5390.0	6893.0	8568.0	10546.0	13634.0	18791.0	29017.0	64086.0	296500.0	214.0
	25.0	26.0	27.0	28.0	29.0	30.0	31.0	32.0	33.0	34.0	35.0	36.0	37.0	38.0	39.0	40.0	41.0
lane7-s139-index-GTTGTAGG-YZ5-3-plexWell96-43_S139_L007_R1_001	447.0	670.0	1076.0	1667.0	2198.0	3042.0	4132.0	5157.0	6539.0	8317.0	10382.0	13340.0	18240.0	28820.0	63752.0	303282.0	438.0
	25.0	26.0	27.0	28.0	29.0	30.0	31.0	32.0	33.0	34.0	35.0	36.0	37.0	38.0	39.0	40.0	41.0
lane7-s140-index-TGTGACTA-YZ5-4-plexWell96-44_S140_L007_R1_001	431.0	694.0	1178.0	1661.0	2339.0	3176.0	4155.0	5275.0	6516.0	8187.0	10197.0	13179.0	18076.0	27778.0	61377.0	299885.0	513.0
	25.0	26.0	27.0	28.0	29.0	30.0	31.0	32.0	33.0	34.0	35.0	36.0	37.0	38.0	39.0	40.0	41.0
lane7-s141-index-CGAAACGC-YZ5-5-plexWell96-45_S141_L007_R1_001	704.0	1219.0	1895.0	2739.0	3921.0	5283.0	6996.0	8533.0	11033.0	13939.0	17360.0	23058.0	31819.0	51002.0	114980.0	415152.0	83.0
	25.0	26.0	27.0	28.0	29.0	30.0	31.0	32.0	33.0	34.0	35.0	36.0	37.0	38.0	39.0	40.0	41.0
lane7-s142-index-GTGTGATT-ACR-134-1-plexWell96-46_S142_L007_R1_001	868.0	1122.0	1472.0	1812.0	2399.0	2846.0	3794.0	4410.0	5577.0	6755.0	8441.0	10492.0	14103.0	20365.0	39889.0	176226.0	713.0
	25.0	26.0	27.0	28.0	29.0	30.0	31.0	32.0	33.0	34.0	35.0	36.0	37.0	38.0	39.0	40.0	41.0
lane7-s143-index-AGGCTGGA-ACR-134-2-plexWell96-47_S143_L007_R1_001	160.0	235.0	292.0	398.0	497.0	643.0	738.0	982.0	1186.0	1446.0	1692.0	2146.0	2873.0	4211.0	8620.0	39021.0	59.0
	25.0	26.0	27.0	28.0	29.0	30.0	31.0	32.0	33.0	34.0	35.0	36.0	37.0	38.0	39.0	40.0	41.0
lane7-s144-index-CGTGCTGG-ACR-134-3-plexWell96-48_S144_L007_R1_001	1088.0	1464.0	1852.0	2277.0	2910.0	3610.0	4545.0	5532.0	6733.0	8138.0	10158.0	12840.0	17234.0	25495.0	50144.0	198280.0	629.0
	25.0	26.0	27.0	28.0	29.0	30.0	31.0	32.0	33.0	34.0	35.0	36.0	37.0	38.0	39.0	40.0	41.0
lane7-s145-index-AATAGGAT-ACR-134-4-plexWell96-49_S145_L007_R1_001	540.0	713.0	925.0	1219.0	1486.0	1872.0	2352.0	2921.0	3477.0	4281.0	5069.0	6561.0	8736.0	12824.0	24742.0	111205.0	634.0
	25.0	26.0	27.0	28.0	29.0	30.0	31.0	32.0	33.0	34.0	35.0	36.0	37.0	38.0	39.0	40.0	41.0
lane7-s146-index-CGTCTGCC-ACR-134-5-plexWell96-50_S146_L007_R1_001	1118.0	1408.0	1873.0	2367.0	3119.0	3625.0	4460.0	5957.0	7124.0	8605.0	10661.0	13363.0	18063.0	26416.0	51270.0	199593.0	167.0
	25.0	26.0	27.0	28.0	29.0	30.0	31.0	32.0	33.0	34.0	35.0	36.0	37.0	38.0	39.0	40.0	41.0
lane7-s147-index-GAATCTAG-SHI-Plate1-A1-1-plexWell96-51_S147_L007_R1_001	960.0	1649.0	2440.0	3683.0	5128.0	7011.0	9481.0	12202.0	15663.0	19667.0	25200.0	32735.0	46492.0	74970.0	164063.0	552192.0	513.0
	25.0	26.0	27.0	28.0	29.0	30.0	31.0	32.0	33.0	34.0	35.0	36.0	37.0	38.0	39.0	40.0	41.0
lane7-s148-index-ATGCGTCA-SHI-Plate1-A1-2-plexWell96-52_S148_L007_R1_001	860.0	1375.0	2167.0	3236.0	4551.0	6160.0	8374.0	10720.0	13492.0	16735.0	21720.0	28316.0	40336.0	63988.0	140797.0	492230.0	235.0
	25.0	26.0	27.0	28.0	29.0	30.0	31.0	32.0	33.0	34.0	35.0	36.0	37.0	38.0	39.0	40.0	41.0
lane7-s149-index-GCAAGTAC-SHI-Plate1-A1-3-plexWell96-53_S149_L007_R1_001	1347.0	2229.0	3312.0	4684.0	6810.0	9137.0	12499.0	15781.0	19814.0	25201.0	31596.0	41861.0	58349.0	92757.0	203339.0	692365.0	477.0
	25.0	26.0	27.0	28.0	29.0	30.0	31.0	32.0	33.0	34.0	35.0	36.0	37.0	38.0	39.0	40.0	41.0
lane7-s150-index-ACTGACCT-SHI-Plate1-A1-4-plexWell96-54_S150_L007_R1_001	735.0	1166.0	1828.0	2705.0	3800.0	5204.0	6924.0	8817.0	11129.0	13947.0	17598.0	22873.0	32353.0	51217.0	110378.0	383880.0	334.0
	25.0	26.0	27.0	28.0	29.0	30.0	31.0	32.0	33.0	34.0	35.0	36.0	37.0	38.0	39.0	40.0	41.0
lane7-s151-index-GAAGACCA-SHI-Plate1-A1-5-plexWell96-55_S151_L007_R1_001	1264.0	1991.0	3194.0	4833.0	6730.0	9364.0	12381.0	16035.0	20351.0	25715.0	32363.0	42445.0	59453.0	94595.0	207420.0	707577.0	22.0
	25.0	26.0	27.0	28.0	29.0	30.0	31.0	32.0	33.0	34.0	35.0	36.0	37.0	38.0	39.0	40.0	41.0
lane7-s152-index-CAGAAGCG-Mock-1-plexWell96-56_S152_L007_R1_001	1174.0	1972.0	3042.0	4584.0	6326.0	8687.0	11371.0	14617.0	18658.0	23604.0	30073.0	40993.0	60014.0	100068.0	207696.0	440056.0	335.0
	25.0	26.0	27.0	28.0	29.0	30.0	31.0	32.0	33.0	34.0	35.0	36.0	37.0	38.0	39.0	40.0	41.0
lane7-s153-index-AGCTCTAC-Mock-2-plexWell96-57_S153_L007_R1_001	163.0	253.0	374.0	633.0	828.0	1114.0	1424.0	1954.0	2394.0	2918.0	3704.0	5029.0	6588.0	10298.0	22551.0	110149.0	97.0
	25.0	26.0	27.0	28.0	29.0	30.0	31.0	32.0	33.0	34.0	35.0	36.0	37.0	38.0	39.0	40.0	41.0
lane7-s154-index-CCACTACT-Mock-3-plexWell96-58_S154_L007_R1_001	706.0	1192.0	1891.0	2809.0	4035.0	5711.0	7312.0	9529.0	11867.0	14523.0	18611.0	23768.0	32990.0	51137.0	112498.0	527971.0	781.0
	25.0	26.0	27.0	28.0	29.0	30.0	31.0	32.0	33.0	34.0	35.0	36.0	37.0	38.0	39.0	40.0	41.0
lane7-s155-index-GACCTACA-Mock-4-plexWell96-59_S155_L007_R1_001	978.0	1568.0	2377.0	3378.0	4718.0	6436.0	8482.0	11203.0	15181.0	20738.0	28858.0	40954.0	59008.0	81686.0	101681.0	47595.0	4.0
	25.0	26.0	27.0	28.0	29.0	30.0	31.0	32.0	33.0	34.0	35.0	36.0	37.0	38.0	39.0	40.0	41.0
lane7-s156-index-CACGTCCG-Mock-5-plexWell96-60_S156_L007_R1_001	3418.0	5552.0	8494.0	12182.0	16481.0	22153.0	28709.0	36144.0	46100.0	60693.0	80777.0	113428.0	166259.0	262325.0	446127.0	446693.0	30.0
	25.0	26.0	27.0	28.0	29.0	30.0	31.0	32.0	33.0	34.0	35.0	36.0	37.0	38.0	39.0	40.0
lane7-s551-index--TAAGGCGA-CTCCTTAC-YZ5-1-NexteraFlex-Full_S551_L007_R1_001	2994.0	5163.0	8315.0	12710.0	18698.0	26228.0	36099.0	48329.0	63542.0	83281.0	109479.0	148041.0	214536.0	357026.0	848832.0	2719946.0
	25.0	26.0	27.0	28.0	29.0	30.0	31.0	32.0	33.0	34.0	35.0	36.0	37.0	38.0	39.0	40.0
lane7-s552-index--CGTACTAG-TCTTACGC-YZ5-2-NexteraFlex-Full_S552_L007_R1_001	2249.0	3737.0	6033.0	9000.0	13010.0	18371.0	24771.0	32902.0	42421.0	55741.0	73191.0	100839.0	149779.0	256037.0	567257.0	1276233.0
	25.0	26.0	27.0	28.0	29.0	30.0	31.0	32.0	33.0	34.0	35.0	36.0	37.0	38.0	39.0	40.0
lane7-s553-index--AGGCAGAA-TATGCAGT-YZ5-3-NexteraFlex-Full_S553_L007_R1_001	1376.0	2297.0	3726.0	5606.0	8538.0	12108.0	16355.0	22366.0	29733.0	39378.0	52506.0	72019.0	104938.0	176384.0	422303.0	1452592.0
	25.0	26.0	27.0	28.0	29.0	30.0	31.0	32.0	33.0	34.0	35.0	36.0	37.0	38.0	39.0	40.0
lane7-s554-index--GGACTCCT-AGAGGATA-YZ5-4-NexteraFlex-Full_S554_L007_R1_001	1632.0	2837.0	4627.0	7078.0	10654.0	15086.0	20085.0	26892.0	35041.0	45251.0	58869.0	78816.0	112723.0	185170.0	429588.0	1475859.0
	25.0	26.0	27.0	28.0	29.0	30.0	31.0	32.0	33.0	34.0	35.0	36.0	37.0	38.0	39.0	40.0
lane7-s555-index--TAGGCATG-ACTCTAGG-YZ5-5-NexteraFlex-Full_S555_L007_R1_001	1324.0	2193.0	3571.0	5425.0	8106.0	11340.0	15282.0	19980.0	26149.0	34100.0	44610.0	61024.0	89889.0	150385.0	346253.0	1072258.0
	25.0	26.0	27.0	28.0	29.0	30.0	31.0	32.0	33.0	34.0	35.0	36.0	37.0	38.0	39.0	40.0
lane7-s556-index--CGAGGCTG-TCGCATAA-ACR-134-1-NexteraFlex-Full_S556_L007_R1_001	1645.0	2084.0	2859.0	3780.0	4865.0	6444.0	8312.0	10690.0	13508.0	17403.0	23125.0	32709.0	47891.0	77246.0	136520.0	165914.0
	25.0	26.0	27.0	28.0	29.0	30.0	31.0	32.0	33.0	34.0	35.0	36.0	37.0	38.0	39.0	40.0
lane7-s557-index--AAGAGGCA-CTAGTCGA-ACR-134-2-NexteraFlex-Full_S557_L007_R1_001	2425.0	3323.0	4191.0	5629.0	7312.0	9418.0	11955.0	15329.0	19396.0	24332.0	31043.0	40867.0	56052.0	86455.0	177320.0	551402.0
	25.0	26.0	27.0	28.0	29.0	30.0	31.0	32.0	33.0	34.0	35.0	36.0	37.0	38.0	39.0	40.0
lane7-s558-index--GCTCATGA-ATTAGACG-ACR-134-3-NexteraFlex-Full_S558_L007_R1_001	2491.0	3485.0	4263.0	5570.0	7181.0	9346.0	11764.0	14768.0	18555.0	23478.0	29265.0	38543.0	53193.0	80942.0	162899.0	499549.0
	25.0	26.0	27.0	28.0	29.0	30.0	31.0	32.0	33.0	34.0	35.0	36.0	37.0	38.0	39.0	40.0
lane7-s559-index--CGTACTAG-TATGCAGT-ACR-134-4-NexteraFlex-Full_S559_L007_R1_001	2686.0	3556.0	4779.0	6319.0	8138.0	10707.0	13858.0	17387.0	22171.0	27505.0	35505.0	47546.0	68201.0	108156.0	214816.0	434231.0
	25.0	26.0	27.0	28.0	29.0	30.0	31.0	32.0	33.0	34.0	35.0	36.0	37.0	38.0	39.0	40.0
lane7-s560-index--AGGCAGAA-CTCCTTAC-ACR-134-5-NexteraFlex-Full_S560_L007_R1_001	3878.0	4915.0	6050.0	7839.0	9957.0	12837.0	16451.0	20416.0	25463.0	31827.0	40257.0	51945.0	71003.0	107087.0	213366.0	809348.0
	25.0	26.0	27.0	28.0	29.0	30.0	31.0	32.0	33.0	34.0	35.0	36.0	37.0	38.0	39.0	40.0
lane7-s561-index--TAAGGCGA-TCTTACGC-SHI-Plate1-A1-1-NexteraFlex-Full_S561_L007_R1_001	2558.0	4361.0	6826.0	10399.0	14939.0	20721.0	27844.0	36093.0	46570.0	59629.0	75742.0	100148.0	141720.0	231623.0	533515.0	1723485.0
	25.0	26.0	27.0	28.0	29.0	30.0	31.0	32.0	33.0	34.0	35.0	36.0	37.0	38.0	39.0	40.0
lane7-s562-index--CTCTCTAC-AGAGGATA-SHI-Plate1-A1-2-NexteraFlex-Full_S562_L007_R1_001	1999.0	3520.0	5468.0	8348.0	12479.0	17371.0	23870.0	31282.0	40053.0	51465.0	66572.0	88797.0	126628.0	208845.0	482431.0	1579559.0
	25.0	26.0	27.0	28.0	29.0	30.0	31.0	32.0	33.0	34.0	35.0	36.0	37.0	38.0	39.0	40.0
lane7-s563-index--GTAGAGGA-ACTCTAGG-SHI-Plate1-A1-3-NexteraFlex-Full_S563_L007_R1_001	1664.0	2778.0	4279.0	6793.0	10018.0	14068.0	19181.0	25623.0	34207.0	44861.0	59759.0	82446.0	121226.0	205730.0	480430.0	1255796.0
	25.0	26.0	27.0	28.0	29.0	30.0	31.0	32.0	33.0	34.0	35.0	36.0	37.0	38.0	39.0	40.0
lane7-s564-index--AAGAGGCA-ATTAGACG-SHI-Plate1-A1-4-NexteraFlex-Full_S564_L007_R1_001	2927.0	4870.0	7664.0	11788.0	17290.0	24052.0	33153.0	44444.0	58064.0	75964.0	100566.0	137726.0	201843.0	341465.0	782487.0	2061474.0
	25.0	26.0	27.0	28.0	29.0	30.0	31.0	32.0	33.0	34.0	35.0	36.0	37.0	38.0	39.0	40.0
lane7-s565-index--GCTCATGA-TCGCATAA-SHI-Plate1-A1-5-NexteraFlex-Full_S565_L007_R1_001	2004.0	3192.0	5136.0	7718.0	11122.0	15132.0	20812.0	27223.0	35253.0	45307.0	58324.0	78235.0	111634.0	183983.0	421045.0	1242019.0
	25.0	26.0	27.0	28.0	29.0	30.0	31.0	32.0	33.0	34.0	35.0	36.0	37.0	38.0	39.0	40.0
lane7-s566-index--CGAGGCTG-CTAGTCGA-Mock-1-NexteraFlex-Full_S566_L007_R1_001	2807.0	4774.0	8007.0	12411.0	18312.0	25754.0	35420.0	47319.0	63460.0	85322.0	118679.0	174134.0	274897.0	470931.0	891567.0	1125415.0
	25.0	26.0	27.0	28.0	29.0	30.0	31.0	32.0	33.0	34.0	35.0	36.0	37.0	38.0	39.0	40.0
lane7-s567-index--AGGCAGAA-TCTTACGC-Mock-2-NexteraFlex-Full_S567_L007_R1_001	1985.0	3330.0	5404.0	8349.0	12245.0	17534.0	23968.0	32494.0	42274.0	55429.0	72575.0	97419.0	138892.0	226489.0	530566.0	2009578.0
	25.0	26.0	27.0	28.0	29.0	30.0	31.0	32.0	33.0	34.0	35.0	36.0	37.0	38.0	39.0	40.0
lane7-s568-index--TAAGGCGA-TATGCAGT-Mock-3-NexteraFlex-Full_S568_L007_R1_001	2908.0	4995.0	8008.0	12314.0	18147.0	25956.0	35540.0	47376.0	61906.0	80985.0	105319.0	141377.0	202254.0	329657.0	774830.0	2886291.0
	25.0	26.0	27.0	28.0	29.0	30.0	31.0	32.0	33.0	34.0	35.0	36.0	37.0	38.0	39.0	40.0
lane7-s569-index--CGTACTAG-CTCCTTAC-Mock-4-NexteraFlex-Full_S569_L007_R1_001	1673.0	2901.0	4525.0	7073.0	10621.0	15006.0	20264.0	26875.0	35357.0	46528.0	61652.0	86067.0	128120.0	221621.0	492429.0	1056101.0
	25.0	26.0	27.0	28.0	29.0	30.0	31.0	32.0	33.0	34.0	35.0	36.0	37.0	38.0	39.0	40.0
lane7-s570-index--TAGCGCTC-AGAGGATA-Mock-5-NexteraFlex-Full_S570_L007_R1_001	3679.0	6392.0	10449.0	16222.0	23717.0	33145.0	45408.0	60117.0	77117.0	100137.0	129398.0	172301.0	243292.0	391712.0	900442.0	4591382.0
	25.0	26.0	27.0	28.0	29.0	30.0	31.0	32.0	33.0	34.0	35.0	36.0	37.0	38.0	39.0	40.0
lane7-s571-index--GGACTCCT-CTCCTTAC-YZ5-1-NexteraFlex-Reduced_S571_L007_R1_001	1549.0	2521.0	3959.0	5939.0	8761.0	12028.0	16527.0	21756.0	27807.0	35874.0	47213.0	63124.0	90699.0	149532.0	341909.0	1473629.0
	25.0	26.0	27.0	28.0	29.0	30.0	31.0	32.0	33.0	34.0	35.0	36.0	37.0	38.0	39.0	40.0
lane7-s572-index--CTCTCTAC-TCTTACGC-YZ5-2-NexteraFlex-Reduced_S572_L007_R1_001	1833.0	3051.0	4711.0	7046.0	10162.0	13972.0	18558.0	24260.0	31161.0	40063.0	51644.0	67696.0	96013.0	157327.0	358086.0	1656205.0
	25.0	26.0	27.0	28.0	29.0	30.0	31.0	32.0	33.0	34.0	35.0	36.0	37.0	38.0	39.0	40.0
lane7-s573-index--TAGCGCTC-TATGCAGT-YZ5-3-NexteraFlex-Reduced_S573_L007_R1_001	1196.0	2016.0	3136.0	4801.0	6852.0	9704.0	12967.0	17050.0	22179.0	28969.0	36864.0	49432.0	70836.0	115723.0	267660.0	1302532.0
	25.0	26.0	27.0	28.0	29.0	30.0	31.0	32.0	33.0	34.0	35.0	36.0	37.0	38.0	39.0	40.0
lane7-s574-index--TAGGCATG-AGAGGATA-YZ5-4-NexteraFlex-Reduced_S574_L007_R1_001	1545.0	2575.0	3911.0	5952.0	8483.0	11741.0	15814.0	20382.0	26016.0	33613.0	43719.0	58694.0	84044.0	139084.0	312835.0	1458740.0
	25.0	26.0	27.0	28.0	29.0	30.0	31.0	32.0	33.0	34.0	35.0	36.0	37.0	38.0	39.0	40.0
lane7-s575-index--CGAGGCTG-ACTCTAGG-YZ5-5-NexteraFlex-Reduced_S575_L007_R1_001	3662.0	6211.0	10015.0	15341.0	21894.0	29821.0	39944.0	53033.0	71000.0	94522.0	130384.0	188108.0	287684.0	474304.0	894880.0	1840045.0
	25.0	26.0	27.0	28.0	29.0	30.0	31.0	32.0	33.0	34.0	35.0	36.0	37.0	38.0	39.0	40.0
lane7-s576-index--TAAGGCGA-TCGCATAA-ACR-134-1-NexteraFlex-Reduced_S576_L007_R1_001	1980.0	2587.0	3149.0	4102.0	5415.0	6804.0	8539.0	10489.0	12934.0	16041.0	19669.0	25737.0	35363.0	54776.0	116787.0	431078.0
	25.0	26.0	27.0	28.0	29.0	30.0	31.0	32.0	33.0	34.0	35.0	36.0	37.0	38.0	39.0	40.0
lane7-s577-index--CGTACTAG-CTAGTCGA-ACR-134-2-NexteraFlex-Reduced_S577_L007_R1_001	2248.0	2872.0	3833.0	5014.0	6331.0	8016.0	10200.0	13001.0	16155.0	20089.0	25779.0	34402.0	49212.0	78600.0	153109.0	369316.0
	25.0	26.0	27.0	28.0	29.0	30.0	31.0	32.0	33.0	34.0	35.0	36.0	37.0	38.0	39.0	40.0
lane7-s578-index--AGGCAGAA-ATTAGACG-ACR-134-3-NexteraFlex-Reduced_S578_L007_R1_001	2552.0	3186.0	4200.0	5330.0	6669.0	8463.0	10453.0	13576.0	16885.0	20880.0	26114.0	33338.0	45938.0	71705.0	153538.0	585568.0
	25.0	26.0	27.0	28.0	29.0	30.0	31.0	32.0	33.0	34.0	35.0	36.0	37.0	38.0	39.0	40.0
lane7-s579-index--CTCTCTAC-TATGCAGT-ACR-134-4-NexteraFlex-Reduced_S579_L007_R1_001	2932.0	3635.0	4662.0	5910.0	7523.0	9548.0	11989.0	15008.0	18346.0	22725.0	28499.0	36560.0	50237.0	76414.0	159809.0	644940.0
	25.0	26.0	27.0	28.0	29.0	30.0	31.0	32.0	33.0	34.0	35.0	36.0	37.0	38.0	39.0	40.0
lane7-s580-index--TAGCGCTC-CTCCTTAC-ACR-134-5-NexteraFlex-Reduced_S580_L007_R1_001	3328.0	4079.0	5411.0	7002.0	8974.0	11494.0	14520.0	18278.0	22583.0	28533.0	36363.0	46900.0	64911.0	101794.0	221499.0	760757.0
	25.0	26.0	27.0	28.0	29.0	30.0	31.0	32.0	33.0	34.0	35.0	36.0	37.0	38.0	39.0	40.0
lane7-s581-index--GGACTCCT-TCTTACGC-SHI-Plate1-A1-1-NexteraFlex-Reduced_S581_L007_R1_001	3314.0	5313.0	7966.0	11662.0	16542.0	23062.0	31270.0	41015.0	54010.0	70356.0	93397.0	129321.0	190080.0	316557.0	676718.0	1847509.0
	25.0	26.0	27.0	28.0	29.0	30.0	31.0	32.0	33.0	34.0	35.0	36.0	37.0	38.0	39.0	40.0
lane7-s582-index--GTAGAGGA-AGAGGATA-SHI-Plate1-A1-2-NexteraFlex-Reduced_S582_L007_R1_001	3550.0	5583.0	8575.0	12683.0	17982.0	24686.0	33061.0	43768.0	57223.0	74564.0	99010.0	135048.0	198525.0	333134.0	754170.0	2607817.0
	25.0	26.0	27.0	28.0	29.0	30.0	31.0	32.0	33.0	34.0	35.0	36.0	37.0	38.0	39.0	40.0
lane7-s583-index--AAGAGGCA-ACTCTAGG-SHI-Plate1-A1-3-NexteraFlex-Reduced_S583_L007_R1_001	3045.0	4801.0	7199.0	10863.0	15288.0	20910.0	28102.0	37174.0	48016.0	62527.0	83065.0	113644.0	166010.0	278194.0	614904.0	1937940.0
	25.0	26.0	27.0	28.0	29.0	30.0	31.0	32.0	33.0	34.0	35.0	36.0	37.0	38.0	39.0	40.0
lane7-s584-index--CGTACTAG-ATTAGACG-SHI-Plate1-A1-4-NexteraFlex-Reduced_S584_L007_R1_001	2195.0	3413.0	5211.0	7684.0	10837.0	15022.0	19766.0	26023.0	34150.0	44593.0	59974.0	83301.0	122768.0	203779.0	407797.0	982799.0
	25.0	26.0	27.0	28.0	29.0	30.0	31.0	32.0	33.0	34.0	35.0	36.0	37.0	38.0	39.0	40.0
lane7-s585-index--AGGCAGAA-TCGCATAA-SHI-Plate1-A1-5-NexteraFlex-Reduced_S585_L007_R1_001	3366.0	5160.0	7537.0	11149.0	15757.0	21625.0	29235.0	38849.0	50743.0	67046.0	90468.0	125398.0	187086.0	318858.0	723508.0	2166527.0
	25.0	26.0	27.0	28.0	29.0	30.0	31.0	32.0	33.0	34.0	35.0	36.0	37.0	38.0	39.0	40.0
lane7-s586-index--TAAGGCGA-CTAGTCGA-Mock-1-NexteraFlex-Reduced_S586_L007_R1_001	2381.0	3792.0	6150.0	9409.0	13705.0	18996.0	26289.0	34792.0	45325.0	59374.0	78420.0	107135.0	156178.0	265297.0	631997.0	2427624.0
	25.0	26.0	27.0	28.0	29.0	30.0	31.0	32.0	33.0	34.0	35.0	36.0	37.0	38.0	39.0	40.0
lane7-s587-index--CGGAGCCT-ACTCTAGG-Mock-2-NexteraFlex-Reduced_S587_L007_R1_001	2511.0	4402.0	7267.0	11165.0	16301.0	23218.0	32266.0	43089.0	56777.0	75022.0	103149.0	146543.0	227300.0	396285.0	881253.0	2241610.0
	25.0	26.0	27.0	28.0	29.0	30.0	31.0	32.0	33.0	34.0	35.0	36.0	37.0	38.0	39.0	40.0
lane7-s588-index--GCTCATGA-CTAGTCGA-Mock-3-NexteraFlex-Reduced_S588_L007_R1_001	1903.0	3046.0	4971.0	7445.0	10832.0	15257.0	20524.0	27599.0	36185.0	47435.0	62151.0	85470.0	125765.0	213078.0	509426.0	1903077.0
	25.0	26.0	27.0	28.0	29.0	30.0	31.0	32.0	33.0	34.0	35.0	36.0	37.0	38.0	39.0	40.0
lane7-s589-index--CGAGGCTG-ATTAGACG-Mock-4-NexteraFlex-Reduced_S589_L007_R1_001	2165.0	3654.0	6187.0	9313.0	13560.0	19170.0	25959.0	35395.0	47210.0	64808.0	91534.0	136249.0	215940.0	360063.0	662629.0	1063892.0
	25.0	26.0	27.0	28.0	29.0	30.0	31.0	32.0	33.0	34.0	35.0	36.0	37.0	38.0	39.0	40.0
lane7-s590-index--AAGAGGCA-TCGCATAA-Mock-5-NexteraFlex-Reduced_S590_L007_R1_001	2363.0	3989.0	6161.0	9648.0	13859.0	19173.0	26433.0	35565.0	46284.0	61271.0	80675.0	111761.0	164711.0	281597.0	673012.0	2497897.0
	25.0	26.0	27.0	28.0	29.0	30.0	31.0	32.0	33.0	34.0	35.0	36.0	37.0	38.0	39.0	40.0
lane7-s591-index--ATTACTCG-AGGCTATA-YZ5-1-QIAseqFX_S591_L007_R1_001	5435.0	9142.0	17702.0	30819.0	39164.0	42504.0	44083.0	48726.0	57154.0	70820.0	91520.0	125183.0	188568.0	322248.0	657743.0	1032668.0
	25.0	26.0	27.0	28.0	29.0	30.0	31.0	32.0	33.0	34.0	35.0	36.0	37.0	38.0	39.0	40.0
lane7-s592-index--ATTACTCG-GCCTCTAT-YZ5-2-QIAseqFX_S592_L007_R1_001	5052.0	8322.0	14537.0	24435.0	31496.0	36566.0	41575.0	48204.0	58626.0	73383.0	96750.0	133977.0	203843.0	347110.0	699446.0	1053983.0
	25.0	26.0	27.0	28.0	29.0	30.0	31.0	32.0	33.0	34.0	35.0	36.0	37.0	38.0	39.0	40.0
lane7-s593-index--ATTACTCG-AGGATAGG-YZ5-3-QIAseqFX_S593_L007_R1_001	4819.0	7926.0	15223.0	26016.0	33196.0	36905.0	39897.0	44820.0	53270.0	66571.0	86277.0	118877.0	179727.0	306117.0	618428.0	930537.0
	25.0	26.0	27.0	28.0	29.0	30.0	31.0	32.0	33.0	34.0	35.0	36.0	37.0	38.0	39.0	40.0
lane7-s594-index--ATTACTCG-TCAGAGCC-YZ5-4-QIAseqFX_S594_L007_R1_001	5418.0	9179.0	18632.0	32276.0	40605.0	43067.0	44329.0	48128.0	56113.0	69930.0	91267.0	126357.0	190493.0	321026.0	635090.0	883241.0
	25.0	26.0	27.0	28.0	29.0	30.0	31.0	32.0	33.0	34.0	35.0	36.0	37.0	38.0	39.0	40.0
lane7-s595-index--ATTACTCG-CTTCGCCT-YZ5-5-QIAseqFX_S595_L007_R1_001	2995.0	5117.0	8715.0	14427.0	19125.0	22807.0	25842.0	30258.0	37411.0	46958.0	60856.0	84664.0	127851.0	218744.0	441935.0	651094.0
	25.0	26.0	27.0	28.0	29.0	30.0	31.0	32.0	33.0	34.0	35.0	36.0	37.0	38.0	39.0	40.0
lane7-s596-index--ATTACTCG-TAAGATTA-ACR-134-1-QIAseqFX_S596_L007_R1_001	5968.0	8401.0	13478.0	21852.0	25353.0	25591.0	23653.0	22612.0	24871.0	28919.0	34834.0	44944.0	61998.0	96199.0	182080.0	251290.0
	25.0	26.0	27.0	28.0	29.0	30.0	31.0	32.0	33.0	34.0	35.0	36.0	37.0	38.0	39.0	40.0
lane7-s597-index--ATTACTCG-ACGTCCTG-ACR-134-2-QIAseqFX_S597_L007_R1_001	4373.0	5999.0	9557.0	15493.0	18202.0	18860.0	18346.0	18941.0	21471.0	25386.0	31624.0	40731.0	57136.0	90149.0	170683.0	228424.0
	25.0	26.0	27.0	28.0	29.0	30.0	31.0	32.0	33.0	34.0	35.0	36.0	37.0	38.0	39.0	40.0
lane7-s598-index--ATTACTCG-GTCAGTAC-ACR-134-3-QIAseqFX_S598_L007_R1_001	4109.0	6330.0	14337.0	26388.0	28987.0	26135.0	18956.0	13887.0	12271.0	13063.0	15619.0	19697.0	26397.0	39475.0	72261.0	96220.0
	25.0	26.0	27.0	28.0	29.0	30.0	31.0	32.0	33.0	34.0	35.0	36.0	37.0	38.0	39.0	40.0
lane7-s599-index--TCCGGAGA-AGGCTATA-ACR-134-4-QIAseqFX_S599_L007_R1_001	5347.0	8540.0	18125.0	26766.0	33510.0	35034.0	29003.0	23179.0	21638.0	23277.0	27879.0	35508.0	43711.0	56477.0	98547.0	407730.0
	25.0	26.0	27.0	28.0	29.0	30.0	31.0	32.0	33.0	34.0	35.0	36.0	37.0	38.0	39.0	40.0
lane7-s600-index--TCCGGAGA-GCCTCTAT-ACR-134-5-QIAseqFX_S600_L007_R1_001	4333.0	6305.0	10472.0	14460.0	17532.0	19682.0	19228.0	19735.0	22453.0	26546.0	32972.0	42044.0	54509.0	76538.0	146135.0	644754.0
	25.0	26.0	27.0	28.0	29.0	30.0	31.0	32.0	33.0	34.0	35.0	36.0	37.0	38.0	39.0	40.0
lane7-s601-index--TCCGGAGA-AGGATAGG-SHI-Plate1-A1-1-QIAseqFX_S601_L007_R1_001	2671.0	4786.0	9401.0	14957.0	20900.0	25674.0	28551.0	33011.0	40074.0	50263.0	64908.0	87107.0	122758.0	196900.0	445854.0	1807662.0
	25.0	26.0	27.0	28.0	29.0	30.0	31.0	32.0	33.0	34.0	35.0	36.0	37.0	38.0	39.0	40.0
lane7-s602-index--TCCGGAGA-TCAGAGCC-SHI-Plate1-A1-2-QIAseqFX_S602_L007_R1_001	5539.0	10083.0	19421.0	30211.0	41635.0	50246.0	54415.0	60949.0	73598.0	90950.0	118204.0	156561.0	218666.0	348253.0	784919.0	3056221.0
	25.0	26.0	27.0	28.0	29.0	30.0	31.0	32.0	33.0	34.0	35.0	36.0	37.0	38.0	39.0	40.0
lane7-s603-index--TCCGGAGA-CTTCGCCT-SHI-Plate1-A1-3-QIAseqFX_S603_L007_R1_001	3542.0	5919.0	11252.0	17444.0	24636.0	30580.0	35823.0	42616.0	52377.0	65284.0	84100.0	110093.0	154029.0	244131.0	552851.0	2226499.0
	25.0	26.0	27.0	28.0	29.0	30.0	31.0	32.0	33.0	34.0	35.0	36.0	37.0	38.0	39.0	40.0
lane7-s604-index--TCCGGAGA-TAAGATTA-SHI-Plate1-A1-4-QIAseqFX_S604_L007_R1_001	1236.0	2126.0	3938.0	6227.0	8406.0	10807.0	12594.0	14650.0	18125.0	22669.0	29478.0	38702.0	54531.0	87061.0	193979.0	836328.0
	25.0	26.0	27.0	28.0	29.0	30.0	31.0	32.0	33.0	34.0	35.0	36.0	37.0	38.0	39.0	40.0
lane7-s605-index--TCCGGAGA-ACGTCCTG-SHI-Plate1-A1-5-QIAseqFX_S605_L007_R1_001	2486.0	4162.0	7430.0	11859.0	16758.0	22081.0	27859.0	34458.0	43547.0	56139.0	71378.0	96317.0	136384.0	219526.0	503302.0	2078303.0
	25.0	26.0	27.0	28.0	29.0	30.0	31.0	32.0	33.0	34.0	35.0	36.0	37.0	38.0	39.0	40.0
lane7-s606-index--TCCGGAGA-GTCAGTAC-Mock-1-QIAseqFX_S606_L007_R1_001	3449.0	6468.0	15140.0	23510.0	32318.0	37083.0	36020.0	36148.0	41663.0	50580.0	65263.0	87783.0	120310.0	187579.0	417903.0	1988841.0
	25.0	26.0	27.0	28.0	29.0	30.0	31.0	32.0	33.0	34.0	35.0	36.0	37.0	38.0	39.0	40.0
lane7-s607-index--CGCTCATT-AGGCTATA-Mock-2-QIAseqFX_S607_L007_R1_001	3359.0	5976.0	12478.0	19689.0	27226.0	32864.0	34410.0	37271.0	43277.0	53530.0	67566.0	89049.0	122081.0	187321.0	410263.0	1973364.0
	25.0	26.0	27.0	28.0	29.0	30.0	31.0	32.0	33.0	34.0	35.0	36.0	37.0	38.0	39.0	40.0
lane7-s608-index--CGCTCATT-GCCTCTAT-Mock-3-rd2-QIAseqFX_S608_L007_R1_001	3027.0	5146.0	10345.0	17314.0	23299.0	27704.0	28391.0	30038.0	34995.0	43035.0	54434.0	71746.0	98190.0	151961.0	333877.0	1600890.0
	25.0	26.0	27.0	28.0	29.0	30.0	31.0	32.0	33.0	34.0	35.0	36.0	37.0	38.0	39.0	40.0
lane7-s609-index--CGCTCATT-AGGATAGG-Mock-4-rd2-QIAseqFX_S609_L007_R1_001	2643.0	4760.0	9328.0	15067.0	20895.0	25341.0	27448.0	31357.0	37696.0	46307.0	58931.0	77646.0	106886.0	166128.0	363634.0	1723724.0
	25.0	26.0	27.0	28.0	29.0	30.0	31.0	32.0	33.0	34.0	35.0	36.0	37.0	38.0	39.0	40.0
lane7-s610-index--CGCTCATT-TCAGAGCC-Mock-5-QIAseqFX_S610_L007_R1_001	2611.0	4720.0	9344.0	14457.0	19746.0	23953.0	26078.0	29693.0	35518.0	44336.0	56257.0	73990.0	100926.0	155419.0	341400.0	1669574.0
	25.0	26.0	27.0	28.0	29.0	30.0	31.0	32.0	33.0	34.0	35.0	36.0	37.0	38.0	39.0	40.0	41.0
lane7-s611-index--TTGGAATG-ATAGAGAG-YZ5-1-plexWell96-1_S611_L007_R1_001	280.0	489.0	738.0	1183.0	1655.0	2239.0	2989.0	3883.0	4891.0	6127.0	7642.0	10368.0	13969.0	22344.0	49834.0	244449.0	293.0
	25.0	26.0	27.0	28.0	29.0	30.0	31.0	32.0	33.0	34.0	35.0	36.0	37.0	38.0	39.0	40.0	41.0
lane7-s612-index--GGGACAAC-ATAGAGAG-YZ5-2-plexWell96-2_S612_L007_R1_001	302.0	572.0	958.0	1351.0	1955.0	2585.0	3542.0	4726.0	6011.0	7572.0	9658.0	12727.0	17566.0	28162.0	63285.0	308741.0	404.0
	25.0	26.0	27.0	28.0	29.0	30.0	31.0	32.0	33.0	34.0	35.0	36.0	37.0	38.0	39.0	40.0	41.0
lane7-s613-index--GCTGGATC-ATAGAGAG-YZ5-3-plexWell96-3_S613_L007_R1_001	432.0	702.0	1070.0	1660.0	2436.0	3296.0	4357.0	5738.0	7293.0	9500.0	11872.0	15292.0	21654.0	34624.0	77721.0	369806.0	372.0
	25.0	26.0	27.0	28.0	29.0	30.0	31.0	32.0	33.0	34.0	35.0	36.0	37.0	38.0	39.0	40.0	41.0
lane7-s614-index--ACACTCAA-ATAGAGAG-YZ5-4-plexWell96-4_S614_L007_R1_001	216.0	357.0	510.0	798.0	1148.0	1631.0	2297.0	2850.0	3588.0	4641.0	5798.0	7581.0	10542.0	16388.0	36895.0	185785.0	236.0
	25.0	26.0	27.0	28.0	29.0	30.0	31.0	32.0	33.0	34.0	35.0	36.0	37.0	38.0	39.0	40.0	41.0
lane7-s615-index--ACTAGCTA-ATAGAGAG-YZ5-5-plexWell96-5_S615_L007_R1_001	413.0	714.0	1061.0	1630.0	2388.0	3195.0	4371.0	5529.0	6832.0	8794.0	11144.0	14523.0	20248.0	31673.0	71271.0	340188.0	87.0
	25.0	26.0	27.0	28.0	29.0	30.0	31.0	32.0	33.0	34.0	35.0	36.0	37.0	38.0	39.0	40.0	41.0
lane7-s616-index--GATGATTG-ATAGAGAG-ACR-134-1-plexWell96-6_S616_L007_R1_001	592.0	784.0	1018.0	1343.0	1636.0	2127.0	2608.0	3138.0	3990.0	4807.0	6051.0	7738.0	10514.0	15740.0	30837.0	138375.0	587.0
	25.0	26.0	27.0	28.0	29.0	30.0	31.0	32.0	33.0	34.0	35.0	36.0	37.0	38.0	39.0	40.0	41.0
lane7-s617-index--GCAATCTT-ATAGAGAG-ACR-134-2-plexWell96-7_S617_L007_R1_001	623.0	772.0	1011.0	1270.0	1693.0	2137.0	2683.0	3189.0	3965.0	5058.0	6227.0	7921.0	10762.0	15339.0	30313.0	130905.0	336.0
	25.0	26.0	27.0	28.0	29.0	30.0	31.0	32.0	33.0	34.0	35.0	36.0	37.0	38.0	39.0	40.0	41.0
lane7-s618-index--AGAGTGTC-ATAGAGAG-ACR-134-3-plexWell96-8_S618_L007_R1_001	144.0	222.0	274.0	375.0	466.0	614.0	690.0	928.0	1140.0	1404.0	1814.0	2277.0	3042.0	4499.0	9125.0	39474.0	74.0
	25.0	26.0	27.0	28.0	29.0	30.0	31.0	32.0	33.0	34.0	35.0	36.0	37.0	38.0	39.0	40.0	41.0
lane7-s619-index--TTAATGCG-ATAGAGAG-ACR-134-4-plexWell96-9_S619_L007_R1_001	483.0	622.0	893.0	1048.0	1364.0	1717.0	2127.0	2708.0	3320.0	4007.0	5112.0	6810.0	9905.0	16143.0	30702.0	51609.0	163.0
	25.0	26.0	27.0	28.0	29.0	30.0	31.0	32.0	33.0	34.0	35.0	36.0	37.0	38.0	39.0	40.0	41.0
lane7-s620-index--TCCTATAT-ATAGAGAG-ACR-134-5-plexWell96-10_S620_L007_R1_001	819.0	1078.0	1328.0	1808.0	2436.0	2851.0	3642.0	4553.0	5588.0	6782.0	8509.0	11038.0	14494.0	21630.0	41500.0	179018.0	159.0
	25.0	26.0	27.0	28.0	29.0	30.0	31.0	32.0	33.0	34.0	35.0	36.0	37.0	38.0	39.0	40.0	41.0
lane7-s621-index--CCATATCC-ATAGAGAG-SHI-Plate1-A1-1-plexWell96-11_S621_L007_R1_001	776.0	1313.0	2073.0	3146.0	4566.0	6345.0	8414.0	10921.0	14066.0	18044.0	22865.0	30853.0	43352.0	70006.0	158610.0	587161.0	303.0
	25.0	26.0	27.0	28.0	29.0	30.0	31.0	32.0	33.0	34.0	35.0	36.0	37.0	38.0	39.0	40.0	41.0
lane7-s622-index--AGCCGACG-ATAGAGAG-SHI-Plate1-A1-2-plexWell96-12_S622_L007_R1_001	859.0	1410.0	2051.0	2819.0	3760.0	4981.0	6470.0	8318.0	10770.0	14553.0	19460.0	27216.0	39041.0	56465.0	79663.0	59064.0	1.0
	25.0	26.0	27.0	28.0	29.0	30.0	31.0	32.0	33.0	34.0	35.0	36.0	37.0	38.0	39.0	40.0	41.0
lane7-s623-index--CGAATTCA-ATAGAGAG-SHI-Plate1-A1-3-plexWell96-13_S623_L007_R1_001	509.0	836.0	1366.0	2040.0	2960.0	4043.0	5548.0	7154.0	9456.0	12052.0	16073.0	21855.0	32174.0	53838.0	117663.0	305069.0	117.0
	25.0	26.0	27.0	28.0	29.0	30.0	31.0	32.0	33.0	34.0	35.0	36.0	37.0	38.0	39.0	40.0	41.0
lane7-s624-index--GTCAGACC-ATAGAGAG-SHI-Plate1-A1-4-plexWell96-14_S624_L007_R1_001	796.0	1254.0	2064.0	3025.0	4328.0	5791.0	7807.0	10311.0	13125.0	17496.0	22625.0	31414.0	46140.0	76969.0	166185.0	403269.0	297.0
	25.0	26.0	27.0	28.0	29.0	30.0	31.0	32.0	33.0	34.0	35.0	36.0	37.0	38.0	39.0	40.0
lane7-s625-index--CATTGCCT-ATAGAGAG-SHI-Plate1-A1-5-plexWell96-15_S625_L007_R1_001	620.0	1005.0	1550.0	2267.0	3323.0	4399.0	5948.0	7730.0	9749.0	12498.0	15842.0	21214.0	29921.0	48302.0	104962.0	359588.0
	25.0	26.0	27.0	28.0	29.0	30.0	31.0	32.0	33.0	34.0	35.0	36.0	37.0	38.0	39.0	40.0	41.0
lane7-s626-index--TAACCGCA-ATAGAGAG-Mock-1-plexWell96-16_S626_L007_R1_001	468.0	805.0	1209.0	1754.0	2749.0	3692.0	4917.0	6452.0	8492.0	10771.0	13844.0	18241.0	25884.0	41078.0	93071.0	450343.0	532.0
	25.0	26.0	27.0	28.0	29.0	30.0	31.0	32.0	33.0	34.0	35.0	36.0	37.0	38.0	39.0	40.0	41.0
lane7-s627-index--GCGCGAAG-ATAGAGAG-Mock-2-plexWell96-17_S627_L007_R1_001	165.0	310.0	519.0	769.0	1146.0	1645.0	2174.0	3008.0	3788.0	4988.0	6358.0	8393.0	12093.0	19692.0	44294.0	210251.0	310.0
	25.0	26.0	27.0	28.0	29.0	30.0	31.0	32.0	33.0	34.0	35.0	36.0	37.0	38.0	39.0	40.0	41.0
lane7-s628-index--AACACGTG-ATAGAGAG-Mock-3-plexWell96-18_S628_L007_R1_001	561.0	899.0	1536.0	2315.0	3327.0	4733.0	6334.0	8278.0	10710.0	13912.0	17646.0	23693.0	33015.0	52686.0	117366.0	586056.0	854.0
	25.0	26.0	27.0	28.0	29.0	30.0	31.0	32.0	33.0	34.0	35.0	36.0	37.0	38.0	39.0	40.0	41.0
lane7-s629-index--GTAGTCAC-ATAGAGAG-Mock-4-plexWell96-19_S629_L007_R1_001	482.0	827.0	1368.0	2120.0	3001.0	4037.0	5431.0	7220.0	9191.0	11546.0	14481.0	19090.0	26447.0	41265.0	91944.0	458965.0	1201.0
	25.0	26.0	27.0	28.0	29.0	30.0	31.0	32.0	33.0	34.0	35.0	36.0	37.0	38.0	39.0	40.0	41.0
lane7-s630-index--GAGTTCTC-ATAGAGAG-Mock-5-plexWell96-20_S630_L007_R1_001	799.0	1291.0	2305.0	3574.0	5306.0	7816.0	10920.0	14915.0	20174.0	26614.0	35332.0	48699.0	70207.0	114849.0	263311.0	1162099.0	535.0
	25.0	26.0	27.0	28.0	29.0	30.0	31.0	32.0	33.0	34.0	35.0	36.0	37.0	38.0	39.0	40.0	41.0
lane7-s631-index--GTGAGGAA-ATAGAGAG-YZ5-1-plexWell96-21_S631_L007_R1_001	303.0	403.0	754.0	1097.0	1584.0	2225.0	3096.0	3847.0	5011.0	6397.0	8354.0	10821.0	15609.0	24823.0	55798.0	272129.0	288.0
	25.0	26.0	27.0	28.0	29.0	30.0	31.0	32.0	33.0	34.0	35.0	36.0	37.0	38.0	39.0	40.0	41.0
lane7-s632-index--GATTCGTA-ATAGAGAG-YZ5-2-plexWell96-22_S632_L007_R1_001	419.0	602.0	1017.0	1506.0	2178.0	2933.0	3937.0	5072.0	6558.0	8203.0	10479.0	13669.0	19147.0	30014.0	67262.0	322488.0	362.0
	25.0	26.0	27.0	28.0	29.0	30.0	31.0	32.0	33.0	34.0	35.0	36.0	37.0	38.0	39.0	40.0	41.0
lane7-s633-index--GATGCAAT-ATAGAGAG-YZ5-3-plexWell96-23_S633_L007_R1_001	519.0	884.0	1355.0	1977.0	2830.0	3799.0	5161.0	6678.0	8507.0	10478.0	13216.0	17099.0	23493.0	36591.0	80991.0	398626.0	605.0
	25.0	26.0	27.0	28.0	29.0	30.0	31.0	32.0	33.0	34.0	35.0	36.0	37.0	38.0	39.0	40.0	41.0
lane7-s634-index--ACACGGTT-ATAGAGAG-YZ5-4-plexWell96-24_S634_L007_R1_001	436.0	691.0	1109.0	1670.0	2464.0	3400.0	4533.0	5718.0	7424.0	9508.0	11730.0	15513.0	21183.0	33363.0	74843.0	355407.0	528.0
	25.0	26.0	27.0	28.0	29.0	30.0	31.0	32.0	33.0	34.0	35.0	36.0	37.0	38.0	39.0	40.0	41.0
lane7-s635-index--GAGGCTGC-ATAGAGAG-YZ5-5-plexWell96-25_S635_L007_R1_001	688.0	1174.0	1831.0	2739.0	3857.0	5411.0	7190.0	9219.0	11783.0	15128.0	19051.0	25144.0	34756.0	56224.0	128553.0	569753.0	178.0
	25.0	26.0	27.0	28.0	29.0	30.0	31.0	32.0	33.0	34.0	35.0	36.0	37.0	38.0	39.0	40.0	41.0
lane7-s636-index--ACAGTTCG-ATAGAGAG-ACR-134-1-plexWell96-26_S636_L007_R1_001	676.0	862.0	1226.0	1603.0	2052.0	2511.0	3142.0	4051.0	5036.0	6161.0	8016.0	10746.0	15324.0	25004.0	46880.0	73197.0	145.0
	25.0	26.0	27.0	28.0	29.0	30.0	31.0	32.0	33.0	34.0	35.0	36.0	37.0	38.0	39.0	40.0	41.0
lane7-s637-index--CGGAGATA-ATAGAGAG-ACR-134-2-plexWell96-27_S637_L007_R1_001	482.0	626.0	813.0	1059.0	1442.0	1830.0	2233.0	2788.0	3474.0	4256.0	5461.0	7096.0	9741.0	14950.0	30187.0	106952.0	1003.0
	25.0	26.0	27.0	28.0	29.0	30.0	31.0	32.0	33.0	34.0	35.0	36.0	37.0	38.0	39.0	40.0	41.0
lane7-s638-index--TCGCCAGC-ATAGAGAG-ACR-134-3-plexWell96-28_S638_L007_R1_001	686.0	908.0	1107.0	1404.0	1743.0	2265.0	2759.0	3388.0	4180.0	5508.0	6601.0	8484.0	11716.0	17294.0	34188.0	159921.0	602.0
	25.0	26.0	27.0	28.0	29.0	30.0	31.0	32.0	33.0	34.0	35.0	36.0	37.0	38.0	39.0	40.0	41.0
lane7-s639-index--TGCACTGT-ATAGAGAG-ACR-134-4-plexWell96-29_S639_L007_R1_001	346.0	432.0	638.0	715.0	947.0	1194.0	1493.0	1797.0	2157.0	2590.0	3371.0	4211.0	5781.0	8540.0	16851.0	78578.0	345.0
	25.0	26.0	27.0	28.0	29.0	30.0	31.0	32.0	33.0	34.0	35.0	36.0	37.0	38.0	39.0	40.0	41.0
lane7-s640-index--GTACGCGA-ATAGAGAG-ACR-134-5-plexWell96-30_S640_L007_R1_001	1102.0	1428.0	1839.0	2291.0	2936.0	3855.0	4680.0	5982.0	7373.0	8959.0	11463.0	14662.0	19619.0	29765.0	58663.0	243719.0	237.0
	25.0	26.0	27.0	28.0	29.0	30.0	31.0	32.0	33.0	34.0	35.0	36.0	37.0	38.0	39.0	40.0	41.0
lane7-s641-index--CTATCCGG-ATAGAGAG-SHI-Plate1-A1-1-plexWell96-31_S641_L007_R1_001	1095.0	1773.0	2793.0	4241.0	5886.0	8260.0	10839.0	14199.0	18153.0	23050.0	29636.0	39527.0	56206.0	90581.0	204458.0	729894.0	582.0
	25.0	26.0	27.0	28.0	29.0	30.0	31.0	32.0	33.0	34.0	35.0	36.0	37.0	38.0	39.0	40.0	41.0
lane7-s642-index--CTTAGAGT-ATAGAGAG-SHI-Plate1-A1-2-plexWell96-32_S642_L007_R1_001	925.0	1526.0	2432.0	3685.0	5285.0	7334.0	9866.0	12920.0	16858.0	21069.0	27679.0	36725.0	51812.0	83119.0	187127.0	660609.0	497.0
	25.0	26.0	27.0	28.0	29.0	30.0	31.0	32.0	33.0	34.0	35.0	36.0	37.0	38.0	39.0	40.0	41.0
lane7-s643-index--CAAGGACC-ATAGAGAG-SHI-Plate1-A1-3-plexWell96-33_S643_L007_R1_001	964.0	1694.0	2555.0	3923.0	5504.0	7799.0	10364.0	13587.0	17395.0	22223.0	28497.0	38146.0	54704.0	88974.0	203076.0	768913.0	613.0
	25.0	26.0	27.0	28.0	29.0	30.0	31.0	32.0	33.0	34.0	35.0	36.0	37.0	38.0	39.0	40.0	41.0
lane7-s644-index--AGACAGAG-ATAGAGAG-SHI-Plate1-A1-4-plexWell96-34_S644_L007_R1_001	52.0	79.0	147.0	210.0	297.0	410.0	541.0	696.0	895.0	1184.0	1410.0	1913.0	2666.0	4123.0	9230.0	43303.0	60.0
	25.0	26.0	27.0	28.0	29.0	30.0	31.0	32.0	33.0	34.0	35.0	36.0	37.0	38.0	39.0	40.0	41.0
lane7-s645-index--TCGGATCA-ATAGAGAG-SHI-Plate1-A1-5-plexWell96-35_S645_L007_R1_001	264.0	464.0	692.0	1115.0	1486.0	2104.0	2812.0	3765.0	4947.0	6396.0	8295.0	11504.0	16344.0	26475.0	57874.0	178645.0	52.0
	25.0	26.0	27.0	28.0	29.0	30.0	31.0	32.0	33.0	34.0	35.0	36.0	37.0	38.0	39.0	40.0	41.0
lane7-s646-index--TAATGGAC-ATAGAGAG-Mock-1-plexWell96-36_S646_L007_R1_001	390.0	656.0	1095.0	1693.0	2416.0	3310.0	4477.0	5751.0	7231.0	9430.0	12054.0	15468.0	21674.0	34580.0	78025.0	386686.0	491.0
	25.0	26.0	27.0	28.0	29.0	30.0	31.0	32.0	33.0	34.0	35.0	36.0	37.0	38.0	39.0	40.0	41.0
lane7-s647-index--TAGCAACT-ATAGAGAG-Mock-2-plexWell96-37_S647_L007_R1_001	482.0	798.0	1319.0	1965.0	2863.0	4144.0	5496.0	7046.0	9076.0	11692.0	14689.0	19409.0	27554.0	44037.0	99660.0	438145.0	569.0
	25.0	26.0	27.0	28.0	29.0	30.0	31.0	32.0	33.0	34.0	35.0	36.0	37.0	38.0	39.0	40.0	41.0
lane7-s648-index--ATAGCACA-ATAGAGAG-Mock-3-plexWell96-38_S648_L007_R1_001	359.0	590.0	935.0	1455.0	2013.0	2872.0	3696.0	4976.0	6511.0	8150.0	10505.0	13925.0	19261.0	30804.0	69164.0	323800.0	303.0
	25.0	26.0	27.0	28.0	29.0	30.0	31.0	32.0	33.0	34.0	35.0	36.0	37.0	38.0	39.0	40.0	41.0
lane7-s649-index--ATCAACCG-ATAGAGAG-Mock-4-plexWell96-39_S649_L007_R1_001	654.0	1049.0	1621.0	2308.0	3150.0	4227.0	5572.0	7004.0	8972.0	11300.0	15309.0	21617.0	32528.0	54479.0	105275.0	131163.0	101.0
	25.0	26.0	27.0	28.0	29.0	30.0	31.0	32.0	33.0	34.0	35.0	36.0	37.0	38.0	39.0	40.0	41.0
lane7-s650-index--TTCCTCAT-ATAGAGAG-Mock-5-plexWell96-40_S650_L007_R1_001	1022.0	1737.0	2912.0	4423.0	6418.0	9244.0	12368.0	16180.0	21045.0	26925.0	34611.0	45607.0	64263.0	102650.0	230627.0	1044661.0	510.0
	25.0	26.0	27.0	28.0	29.0	30.0	31.0	32.0	33.0	34.0	35.0	36.0	37.0	38.0	39.0	40.0	41.0
lane7-s651-index--AGCTACGT-ATAGAGAG-YZ5-1-plexWell96-41_S651_L007_R1_001	273.0	488.0	732.0	1137.0	1526.0	2083.0	2775.0	3734.0	4580.0	5831.0	7306.0	9621.0	13152.0	20929.0	46536.0	206642.0	247.0
	25.0	26.0	27.0	28.0	29.0	30.0	31.0	32.0	33.0	34.0	35.0	36.0	37.0	38.0	39.0	40.0	41.0
lane7-s652-index--ATTCCATC-ATAGAGAG-YZ5-2-plexWell96-42_S652_L007_R1_001	302.0	507.0	852.0	1282.0	1786.0	2409.0	3301.0	4348.0	5623.0	7098.0	8803.0	11577.0	16058.0	25131.0	56351.0	269004.0	201.0
	25.0	26.0	27.0	28.0	29.0	30.0	31.0	32.0	33.0	34.0	35.0	36.0	37.0	38.0	39.0	40.0	41.0
lane7-s653-index--GTTGTAGG-ATAGAGAG-YZ5-3-plexWell96-43_S653_L007_R1_001	303.0	446.0	767.0	1167.0	1585.0	2258.0	3088.0	3855.0	5000.0	6446.0	8236.0	10777.0	15012.0	24026.0	54161.0	272396.0	412.0
	25.0	26.0	27.0	28.0	29.0	30.0	31.0	32.0	33.0	34.0	35.0	36.0	37.0	38.0	39.0	40.0	41.0
lane7-s654-index--TGTGACTA-ATAGAGAG-YZ5-4-plexWell96-44_S654_L007_R1_001	323.0	507.0	909.0	1269.0	1804.0	2554.0	3319.0	4257.0	5309.0	6807.0	8691.0	11372.0	15720.0	24619.0	55217.0	276761.0	483.0
	25.0	26.0	27.0	28.0	29.0	30.0	31.0	32.0	33.0	34.0	35.0	36.0	37.0	38.0	39.0	40.0	41.0
lane7-s655-index--CGAAACGC-ATAGAGAG-YZ5-5-plexWell96-45_S655_L007_R1_001	468.0	809.0	1293.0	1886.0	2801.0	3847.0	5159.0	6413.0	8535.0	10894.0	13895.0	18800.0	26684.0	43732.0	101044.0	378986.0	71.0
	25.0	26.0	27.0	28.0	29.0	30.0	31.0	32.0	33.0	34.0	35.0	36.0	37.0	38.0	39.0	40.0	41.0
lane7-s656-index--GTGTGATT-ATAGAGAG-ACR-134-1-plexWell96-46_S656_L007_R1_001	733.0	955.0	1260.0	1530.0	2017.0	2409.0	3230.0	3770.0	4796.0	5840.0	7387.0	9226.0	12600.0	18299.0	35935.0	161597.0	667.0
	25.0	26.0	27.0	28.0	29.0	30.0	31.0	32.0	33.0	34.0	35.0	36.0	37.0	38.0	39.0	40.0	41.0
lane7-s657-index--AGGCTGGA-ATAGAGAG-ACR-134-2-plexWell96-47_S657_L007_R1_001	124.0	181.0	222.0	319.0	380.0	489.0	576.0	780.0	954.0	1159.0	1378.0	1748.0	2386.0	3604.0	7510.0	35274.0	59.0
	25.0	26.0	27.0	28.0	29.0	30.0	31.0	32.0	33.0	34.0	35.0	36.0	37.0	38.0	39.0	40.0	41.0
lane7-s658-index--CGTGCTGG-ATAGAGAG-ACR-134-3-plexWell96-48_S658_L007_R1_001	826.0	1096.0	1389.0	1675.0	2130.0	2665.0	3359.0	4125.0	5130.0	6347.0	8015.0	10348.0	14057.0	21093.0	42055.0	174043.0	584.0
	25.0	26.0	27.0	28.0	29.0	30.0	31.0	32.0	33.0	34.0	35.0	36.0	37.0	38.0	39.0	40.0	41.0
lane7-s659-index--AATAGGAT-ATAGAGAG-ACR-134-4-plexWell96-49_S659_L007_R1_001	444.0	609.0	764.0	1026.0	1236.0	1561.0	1986.0	2513.0	2969.0	3689.0	4404.0	5800.0	7718.0	11542.0	22390.0	102408.0	599.0
	25.0	26.0	27.0	28.0	29.0	30.0	31.0	32.0	33.0	34.0	35.0	36.0	37.0	38.0	39.0	40.0	41.0
lane7-s660-index--CGTCTGCC-ATAGAGAG-ACR-134-5-plexWell96-50_S660_L007_R1_001	891.0	1084.0	1412.0	1830.0	2416.0	2752.0	3348.0	4608.0	5582.0	6827.0	8525.0	10915.0	15095.0	22373.0	43764.0	178588.0	168.0
	25.0	26.0	27.0	28.0	29.0	30.0	31.0	32.0	33.0	34.0	35.0	36.0	37.0	38.0	39.0	40.0	41.0
lane7-s661-index--GAATCTAG-ATAGAGAG-SHI-Plate1-A1-1-plexWell96-51_S661_L007_R1_001	664.0	1204.0	1855.0	2846.0	4004.0	5481.0	7563.0	9840.0	12664.0	16228.0	20861.0	27415.0	39150.0	63679.0	141928.0	498379.0	472.0
	25.0	26.0	27.0	28.0	29.0	30.0	31.0	32.0	33.0	34.0	35.0	36.0	37.0	38.0	39.0	40.0	41.0
lane7-s662-index--ATGCGTCA-ATAGAGAG-SHI-Plate1-A1-2-plexWell96-52_S662_L007_R1_001	615.0	998.0	1646.0	2471.0	3536.0	4791.0	6613.0	8581.0	11005.0	13894.0	18380.0	24120.0	35030.0	56268.0	126104.0	452774.0	222.0
	25.0	26.0	27.0	28.0	29.0	30.0	31.0	32.0	33.0	34.0	35.0	36.0	37.0	38.0	39.0	40.0	41.0
lane7-s663-index--GCAAGTAC-ATAGAGAG-SHI-Plate1-A1-3-plexWell96-53_S663_L007_R1_001	936.0	1573.0	2391.0	3487.0	5087.0	6896.0	9616.0	12236.0	15514.0	20179.0	25597.0	34357.0	48368.0	77630.0	174097.0	623351.0	435.0
	25.0	26.0	27.0	28.0	29.0	30.0	31.0	32.0	33.0	34.0	35.0	36.0	37.0	38.0	39.0	40.0	41.0
lane7-s664-index--ACTGACCT-ATAGAGAG-SHI-Plate1-A1-4-plexWell96-54_S664_L007_R1_001	533.0	897.0	1391.0	2121.0	3010.0	4122.0	5578.0	7201.0	9238.0	11851.0	15061.0	19860.0	28521.0	45879.0	100146.0	354765.0	313.0
	25.0	26.0	27.0	28.0	29.0	30.0	31.0	32.0	33.0	34.0	35.0	36.0	37.0	38.0	39.0	40.0	41.0
lane7-s665-index--GAAGACCA-ATAGAGAG-SHI-Plate1-A1-5-plexWell96-55_S665_L007_R1_001	843.0	1367.0	2251.0	3435.0	4963.0	6896.0	9196.0	12151.0	15810.0	20289.0	25995.0	34676.0	49624.0	80570.0	181915.0	646807.0	25.0
	25.0	26.0	27.0	28.0	29.0	30.0	31.0	32.0	33.0	34.0	35.0	36.0	37.0	38.0	39.0	40.0	41.0
lane7-s666-index--CAGAAGCG-ATAGAGAG-Mock-1-plexWell96-56_S666_L007_R1_001	783.0	1361.0	2139.0	3297.0	4618.0	6576.0	8656.0	11301.0	14673.0	19052.0	24655.0	34249.0	51158.0	87204.0	185769.0	402966.0	316.0
	25.0	26.0	27.0	28.0	29.0	30.0	31.0	32.0	33.0	34.0	35.0	36.0	37.0	38.0	39.0	40.0	41.0
lane7-s667-index--AGCTCTAC-ATAGAGAG-Mock-2-plexWell96-57_S667_L007_R1_001	120.0	185.0	306.0	496.0	666.0	896.0	1153.0	1596.0	1996.0	2435.0	3146.0	4376.0	5765.0	9057.0	20179.0	101235.0	87.0
	25.0	26.0	27.0	28.0	29.0	30.0	31.0	32.0	33.0	34.0	35.0	36.0	37.0	38.0	39.0	40.0	41.0
lane7-s668-index--CCACTACT-ATAGAGAG-Mock-3-plexWell96-58_S668_L007_R1_001	516.0	886.0	1410.0	2160.0	3143.0	4522.0	5882.0	7702.0	9806.0	12161.0	15920.0	20716.0	29064.0	45772.0	102145.0	489321.0	742.0
	25.0	26.0	27.0	28.0	29.0	30.0	31.0	32.0	33.0	34.0	35.0	36.0	37.0	38.0	39.0	40.0	41.0
lane7-s669-index--GACCTACA-ATAGAGAG-Mock-4-plexWell96-59_S669_L007_R1_001	760.0	1259.0	1922.0	2763.0	3947.0	5383.0	7168.0	9614.0	13316.0	18389.0	25917.0	37233.0	54096.0	75425.0	94434.0	44307.0	3.0
	25.0	26.0	27.0	28.0	29.0	30.0	31.0	32.0	33.0	34.0	35.0	36.0	37.0	38.0	39.0	40.0	41.0
lane7-s670-index--CACGTCCG-ATAGAGAG-Mock-5-plexWell96-60_S670_L007_R1_001	2448.0	4080.0	6395.0	9295.0	12893.0	17627.0	23166.0	29671.0	38415.0	51212.0	69489.0	99600.0	148307.0	237355.0	410233.0	415142.0	27.0

