Sample	60	62	64	66	68	70	72	74	76	78	80	82	84	86	88	90	92	94	96	98	100	102	104	106	108	110	112	114	116	118	120	122	124	126	128	130	132	134	136	138	140	142	144	146	148	150
lane7-s014-indexRPI2-CGATGT-YZ5-1-NEXTFLEXRapidXP_S14_L007_R1_001	93.0	97.0	118.0	141.0	178.0	179.0	235.0	378.0	422.0	512.0	555.0	614.0	766.0	801.0	877.0	942.0	1009.0	1056.0	1176.0	1302.0	1540.0	1678.0	1914.0	2128.0	2343.0	2598.0	2860.0	3036.0	3517.0	3851.0	4334.0	4797.0	5163.0	5695.0	6286.0	6858.0	7093.0	7919.0	8593.0	9797.0	11399.0	13146.0	18561.0	44057.0	73985.0	2746115.0
lane7-s015-indexRPI4-TGACCA-YZ5-2-NEXTFLEXRapidXP_S15_L007_R1_001	134.0	150.0	139.0	188.0	247.0	219.0	288.0	385.0	465.0	553.0	621.0	677.0	811.0	916.0	1049.0	1105.0	1284.0	1403.0	1653.0	1807.0	2126.0	2391.0	2673.0	3050.0	3466.0	3749.0	4131.0	4591.0	5132.0	5628.0	6276.0	6842.0	7283.0	8117.0	9071.0	9760.0	10179.0	10979.0	12376.0	13406.0	15351.0	17950.0	24094.0	53999.0	87419.0	3054474.0
lane7-s016-indexRPI5-ACAGTG-YZ5-3-NEXTFLEXRapidXP_S16_L007_R1_001	98.0	92.0	105.0	105.0	139.0	150.0	186.0	277.0	356.0	419.0	406.0	468.0	504.0	603.0	731.0	758.0	777.0	823.0	950.0	1108.0	1234.0	1335.0	1561.0	1763.0	1861.0	2110.0	2206.0	2548.0	2967.0	3095.0	3447.0	3835.0	4116.0	4611.0	5000.0	5534.0	5815.0	6190.0	6811.0	7700.0	9259.0	10799.0	15150.0	36825.0	65979.0	2079347.0
lane7-s017-indexRPI6-GCCAAT-YZ5-4-NEXTFLEXRapidXP_S17_L007_R1_001	328.0	366.0	459.0	451.0	478.0	594.0	666.0	898.0	1022.0	1143.0	1177.0	1298.0	1460.0	1623.0	1686.0	1811.0	1840.0	1893.0	2106.0	2354.0	2498.0	2817.0	3069.0	3270.0	3528.0	3754.0	3958.0	4206.0	4518.0	4959.0	5378.0	5648.0	5854.0	6335.0	6880.0	7202.0	7430.0	7793.0	8447.0	8999.0	9993.0	11385.0	14831.0	34313.0	88842.0	1906713.0
lane7-s018-indexRPI7-CAGATC-YZ5-5-NEXTFLEXRapidXP_S18_L007_R1_001	1047.0	1103.0	1131.0	1323.0	1362.0	1570.0	1662.0	1889.0	2009.0	2312.0	2292.0	2492.0	2670.0	2946.0	3062.0	3275.0	3418.0	3633.0	3920.0	4262.0	4599.0	4883.0	5207.0	5772.0	5882.0	6275.0	6714.0	7119.0	7764.0	8163.0	8600.0	8896.0	9745.0	10278.0	11061.0	11810.0	12029.0	12777.0	13773.0	14470.0	15881.0	17195.0	21225.0	40396.0	91379.0	1872949.0
lane7-s019-indexRPI12-CTTGTA-ACR-134-1-NEXTFLEXRapidXP_S19_L007_R1_001	71.0	65.0	53.0	46.0	41.0	49.0	60.0	291.0	346.0	357.0	368.0	388.0	443.0	488.0	457.0	402.0	363.0	331.0	348.0	365.0	452.0	535.0	532.0	579.0	622.0	648.0	708.0	765.0	843.0	982.0	1000.0	1168.0	1391.0	1650.0	1898.0	2177.0	2345.0	2472.0	2821.0	3538.0	4424.0	5513.0	8009.0	16628.0	30369.0	678602.0
lane7-s020-indexRPI1-ATCACG-ACR-134-2-NEXTFLEXRapidXP_S20_L007_R1_001	12.0	34.0	33.0	23.0	32.0	25.0	34.0	34.0	50.0	43.0	57.0	59.0	70.0	101.0	83.0	119.0	89.0	156.0	143.0	162.0	191.0	222.0	287.0	322.0	327.0	405.0	459.0	512.0	581.0	632.0	698.0	869.0	1013.0	1256.0	1448.0	1706.0	1800.0	2150.0	2271.0	2764.0	3523.0	4602.0	6575.0	13791.0	25556.0	530987.0
lane7-s021-index-TTAGGC-ACR-134-3-NEXTFLEXRapidXP_S21_L007_R1_001	130.0	115.0	126.0	103.0	124.0	90.0	117.0	226.0	271.0	267.0	288.0	313.0	350.0	451.0	406.0	380.0	358.0	377.0	407.0	475.0	507.0	558.0	579.0	641.0	694.0	717.0	803.0	850.0	925.0	1001.0	1214.0	1273.0	1366.0	1678.0	2031.0	2234.0	2473.0	2650.0	2988.0	3494.0	4193.0	5185.0	7456.0	15094.0	25947.0	591022.0
lane7-s022-indexRPI8-ACTTGA-ACR-134-4-NEXTFLEXRapidXP_S22_L007_R1_001	110.0	102.0	122.0	100.0	108.0	103.0	138.0	521.0	628.0	616.0	664.0	708.0	812.0	798.0	794.0	709.0	621.0	585.0	614.0	621.0	732.0	863.0	971.0	961.0	1090.0	1053.0	1160.0	1222.0	1299.0	1350.0	1500.0	1632.0	1812.0	2061.0	2233.0	2408.0	2358.0	2451.0	2653.0	2945.0	3587.0	4518.0	6346.0	12334.0	28134.0	459241.0
lane7-s023-indexRPI9-GATCAG-ACR-134-5-NEXTFLEXRapidXP_S23_L007_R1_001	65.0	45.0	66.0	63.0	60.0	73.0	101.0	309.0	441.0	462.0	440.0	539.0	586.0	616.0	550.0	534.0	434.0	415.0	438.0	504.0	511.0	622.0	698.0	753.0	771.0	872.0	982.0	975.0	1124.0	1173.0	1241.0	1344.0	1602.0	1845.0	1934.0	2164.0	2303.0	2528.0	2871.0	3559.0	4185.0	5612.0	7960.0	16508.0	28673.0	587869.0
lane7-s024-indexRPI10-TAGCTT-SHI-Plate1-A1-1-NEXTFLEXRapidXP_S24_L007_R1_001	520.0	576.0	678.0	771.0	822.0	915.0	1094.0	1334.0	1589.0	1769.0	1908.0	2113.0	2430.0	2639.0	2846.0	3113.0	3280.0	3515.0	3969.0	4260.0	4699.0	5099.0	5708.0	6073.0	6706.0	7063.0	7469.0	8055.0	8759.0	9425.0	9848.0	10621.0	11425.0	12196.0	13022.0	13616.0	14221.0	15111.0	16331.0	17906.0	19971.0	22531.0	31943.0	64561.0	166725.0	3772672.0
lane7-s025-indexRPI11-GGCTAC-SHI-Plate1-A1-2-NEXTFLEXRapidXP_S25_L007_R1_001	275.0	329.0	352.0	406.0	412.0	525.0	570.0	643.0	752.0	829.0	936.0	1039.0	1152.0	1355.0	1384.0	1451.0	1632.0	1759.0	2002.0	2324.0	2478.0	2744.0	2958.0	3268.0	3734.0	3896.0	4180.0	4639.0	5003.0	5605.0	6017.0	6544.0	6998.0	7796.0	8321.0	9027.0	9660.0	10379.0	11360.0	12730.0	14622.0	16997.0	25322.0	52391.0	104959.0	3028456.0
lane7-s026-indexRPI25-ACTGAT-SHI-Plate1-A1-3-NEXTFLEXRapidXP_S26_L007_R1_001	509.0	561.0	656.0	713.0	769.0	849.0	977.0	1312.0	1430.0	1604.0	1744.0	2002.0	2156.0	2318.0	2558.0	2638.0	2838.0	3010.0	3404.0	3623.0	3828.0	4206.0	4725.0	5135.0	5493.0	5965.0	6311.0	6820.0	7194.0	8080.0	8228.0	8910.0	9622.0	10360.0	10952.0	11637.0	12204.0	13409.0	14254.0	15635.0	17332.0	19811.0	28606.0	57899.0	123419.0	3411556.0
lane7-s027-indexRPI26-ATGAGC-SHI-Plate1-A1-4-NEXTFLEXRapidXP_S27_L007_R1_001	365.0	397.0	434.0	469.0	539.0	582.0	648.0	886.0	1057.0	1162.0	1310.0	1472.0	1659.0	1814.0	1875.0	1999.0	2164.0	2255.0	2546.0	2713.0	2951.0	3244.0	3596.0	3813.0	4128.0	4505.0	4739.0	5007.0	5549.0	5982.0	6312.0	6632.0	7051.0	7616.0	8336.0	8756.0	8975.0	9637.0	10286.0	11174.0	12408.0	14421.0	20141.0	41461.0	94537.0	2412610.0
lane7-s028-indexRPI27-ATTCCT-SHI-Plate1-A1-5-NEXTFLEXRapidXP_S28_L007_R1_001	914.0	1047.0	1198.0	1256.0	1433.0	1631.0	1707.0	2039.0	2220.0	2435.0	2678.0	2823.0	3082.0	3316.0	3663.0	3980.0	4222.0	4612.0	4969.0	5361.0	5703.0	6129.0	6563.0	6949.0	7660.0	8002.0	8637.0	9372.0	9842.0	10730.0	11336.0	12026.0	12737.0	13720.0	14364.0	15296.0	15909.0	17032.0	18103.0	19135.0	21216.0	23377.0	31046.0	56080.0	131814.0	2951811.0
lane7-s029-indexRPI28-CAAAAG-Mock-1-NEXTFLEXRapidXP_S29_L007_R1_001	58.0	108.0	61.0	66.0	83.0	88.0	145.0	607.0	788.0	808.0	845.0	901.0	989.0	1094.0	1024.0	964.0	825.0	929.0	857.0	1038.0	1189.0	1348.0	1518.0	1673.0	1794.0	1858.0	1962.0	2203.0	2464.0	2641.0	2788.0	3175.0	3289.0	3582.0	3937.0	4175.0	4280.0	4736.0	5104.0	5850.0	6984.0	8770.0	14319.0	25986.0	84270.0	2838719.0
lane7-s030-indexRPI29-CAACTA-Mock-2-NEXTFLEXRapidXP_S30_L007_R1_001	263.0	353.0	335.0	350.0	388.0	459.0	545.0	782.0	914.0	992.0	1121.0	1238.0	1357.0	1572.0	1611.0	1718.0	1771.0	1913.0	2191.0	2347.0	2712.0	2964.0	3286.0	3559.0	3950.0	4379.0	4670.0	4990.0	5406.0	5997.0	6450.0	7058.0	7390.0	8056.0	8549.0	9387.0	9864.0	10454.0	11395.0	12549.0	14109.0	16064.0	21495.0	47749.0	84465.0	3235552.0
lane7-s031-indexRPI30-CACCGG-Mock-3-NEXTFLEXRapidXP_S31_L007_R1_001	66.0	55.0	65.0	78.0	103.0	96.0	126.0	229.0	248.0	310.0	310.0	360.0	418.0	469.0	583.0	530.0	623.0	669.0	776.0	941.0	1029.0	1203.0	1386.0	1495.0	1732.0	1925.0	2037.0	2283.0	2732.0	2946.0	3325.0	3682.0	4134.0	4553.0	5180.0	5553.0	5979.0	6745.0	7426.0	8410.0	10045.0	12480.0	18572.0	29772.0	93071.0	3112937.0
lane7-s032-indexRPI31-CACGAT-Mock-4-NEXTFLEXRapidXP_S32_L007_R1_001	133.0	177.0	191.0	161.0	176.0	220.0	254.0	390.0	474.0	525.0	612.0	638.0	732.0	888.0	855.0	952.0	992.0	976.0	1150.0	1265.0	1384.0	1561.0	1775.0	1926.0	2149.0	2308.0	2567.0	2811.0	3025.0	3372.0	3700.0	3960.0	4333.0	4857.0	5393.0	5664.0	6171.0	6756.0	7449.0	8532.0	10157.0	12682.0	19358.0	32556.0	104999.0	3900167.0
lane7-s033-indexRPI32-CACTCA-Mock-5-NEXTFLEXRapidXP_S33_L007_R1_001	331.0	389.0	444.0	483.0	527.0	574.0	652.0	774.0	880.0	979.0	1052.0	1214.0	1406.0	1465.0	1639.0	1805.0	1957.0	2174.0	2380.0	2707.0	2884.0	3190.0	3638.0	3935.0	4298.0	4815.0	5067.0	5661.0	6028.0	6636.0	7372.0	7909.0	8737.0	9508.0	10341.0	11112.0	11974.0	13250.0	14291.0	15824.0	18313.0	20741.0	28718.0	61467.0	101355.0	3998387.0
lane7-s097-index-TTGGAATG-YZ5-1-plexWell96-1_S97_L007_R1_001	826.0	945.0	1000.0	1103.0	1182.0	1243.0	1379.0	1426.0	1502.0	1538.0	1567.0	1608.0	1732.0	1788.0	1768.0	1836.0	1977.0	2007.0	1987.0	2120.0	2190.0	2207.0	2385.0	2356.0	2543.0	2453.0	2538.0	2588.0	2626.0	2721.0	2720.0	2857.0	3254.0	3868.0	3091.0	3240.0	3236.0	3568.0	4612.0	4131.0	3610.0	3949.0	5158.0	8009.0	33622.0	281425.0
lane7-s098-index-GGGACAAC-YZ5-2-plexWell96-2_S98_L007_R1_001	1123.0	1213.0	1282.0	1486.0	1556.0	1635.0	1798.0	1804.0	1938.0	2015.0	2035.0	2115.0	2255.0	2218.0	2343.0	2403.0	2431.0	2578.0	2592.0	2773.0	2721.0	2800.0	2958.0	3015.0	3118.0	3152.0	3248.0	3363.0	3461.0	3381.0	3591.0	3832.0	4329.0	5002.0	3871.0	3989.0	3978.0	4405.0	5946.0	5139.0	4705.0	5100.0	6586.0	10389.0	43707.0	364656.0
lane7-s099-index-GCTGGATC-YZ5-3-plexWell96-3_S99_L007_R1_001	1255.0	1492.0	1533.0	1677.0	1795.0	1863.0	2033.0	2119.0	2112.0	2330.0	2303.0	2424.0	2495.0	2524.0	2694.0	2661.0	2826.0	2902.0	3128.0	3138.0	3054.0	3208.0	3398.0	3418.0	3433.0	3530.0	3658.0	3739.0	3805.0	3928.0	4171.0	4352.0	4756.0	6079.0	4553.0	4696.0	4658.0	5116.0	6938.0	5795.0	5400.0	5743.0	7669.0	11983.0	51366.0	434214.0
lane7-s100-index-ACACTCAA-YZ5-4-plexWell96-4_S100_L007_R1_001	704.0	766.0	892.0	911.0	945.0	1051.0	1108.0	1111.0	1203.0	1243.0	1289.0	1325.0	1350.0	1395.0	1438.0	1561.0	1534.0	1514.0	1712.0	1631.0	1677.0	1629.0	1716.0	1831.0	1894.0	1943.0	2014.0	1950.0	2031.0	2046.0	2151.0	2200.0	2591.0	2779.0	2322.0	2429.0	2420.0	2611.0	3465.0	3086.0	2694.0	2805.0	3763.0	5708.0	24093.0	201295.0
lane7-s101-index-ACTAGCTA-YZ5-5-plexWell96-5_S101_L007_R1_001	1362.0	1417.0	1489.0	1726.0	1783.0	1823.0	1940.0	2043.0	2128.0	2186.0	2303.0	2262.0	2444.0	2520.0	2492.0	2600.0	2608.0	2788.0	2745.0	2783.0	2859.0	3031.0	3051.0	3209.0	3356.0	3250.0	3350.0	3496.0	3597.0	3560.0	3718.0	3866.0	4093.0	4445.0	4089.0	4137.0	4215.0	4367.0	4851.0	4748.0	4620.0	4994.0	5995.0	9994.0	46239.0	385514.0
lane7-s102-index-GATGATTG-ACR-134-1-plexWell96-6_S102_L007_R1_001	347.0	387.0	436.0	478.0	549.0	559.0	654.0	764.0	851.0	905.0	898.0	900.0	978.0	1076.0	1071.0	1109.0	1153.0	1154.0	1239.0	1275.0	1289.0	1363.0	1401.0	1458.0	1510.0	1652.0	1690.0	1726.0	1752.0	1713.0	1828.0	1763.0	2036.0	2473.0	1873.0	1953.0	2104.0	2402.0	3175.0	2656.0	2507.0	2892.0	3975.0	6150.0	21932.0	171071.0
lane7-s103-index-GCAATCTT-ACR-134-2-plexWell96-7_S103_L007_R1_001	306.0	359.0	432.0	477.0	502.0	538.0	566.0	635.0	689.0	749.0	725.0	848.0	862.0	906.0	867.0	836.0	1010.0	1013.0	1013.0	1076.0	1115.0	1168.0	1179.0	1297.0	1260.0	1406.0	1339.0	1433.0	1479.0	1507.0	1462.0	1431.0	1695.0	2028.0	1590.0	1569.0	1752.0	1982.0	2668.0	2317.0	2210.0	2678.0	3572.0	5384.0	20978.0	166030.0
lane7-s104-index-AGAGTGTC-ACR-134-3-plexWell96-8_S104_L007_R1_001	87.0	119.0	119.0	133.0	151.0	161.0	180.0	196.0	174.0	200.0	251.0	253.0	273.0	234.0	299.0	272.0	348.0	317.0	347.0	381.0	429.0	365.0	393.0	397.0	428.0	437.0	437.0	490.0	488.0	490.0	512.0	525.0	564.0	638.0	501.0	580.0	597.0	646.0	718.0	716.0	724.0	836.0	1000.0	1617.0	6343.0	50607.0
lane7-s105-index-TTAATGCG-ACR-134-4-plexWell96-9_S105_L007_R1_001	215.0	239.0	291.0	321.0	374.0	380.0	410.0	520.0	545.0	542.0	618.0	591.0	696.0	749.0	698.0	761.0	792.0	826.0	827.0	825.0	895.0	894.0	994.0	1034.0	1008.0	1108.0	1115.0	1135.0	1236.0	1158.0	1204.0	1245.0	1445.0	1671.0	1314.0	1363.0	1373.0	1667.0	2022.0	1804.0	1709.0	2031.0	2942.0	4070.0	14050.0	92664.0
lane7-s106-index-TCCTATAT-ACR-134-5-plexWell96-10_S106_L007_R1_001	397.0	469.0	518.0	633.0	655.0	658.0	772.0	872.0	873.0	902.0	945.0	1020.0	1105.0	1135.0	1174.0	1202.0	1309.0	1228.0	1369.0	1366.0	1367.0	1468.0	1538.0	1608.0	1639.0	1643.0	1777.0	1823.0	1915.0	1877.0	1931.0	1967.0	2194.0	2323.0	2133.0	2183.0	2290.0	2458.0	2872.0	2888.0	3129.0	3556.0	4552.0	7680.0	29541.0	229291.0
lane7-s107-index-CCATATCC-SHI-Plate1-A1-1-plexWell96-11_S107_L007_R1_001	2256.0	2299.0	2351.0	2546.0	2441.0	2554.0	2670.0	2798.0	2764.0	2761.0	2886.0	2838.0	2984.0	3096.0	3151.0	3201.0	3351.0	3349.0	3415.0	3599.0	3676.0	3837.0	3786.0	4107.0	4147.0	4136.0	4277.0	4469.0	4548.0	4551.0	4820.0	5268.0	5940.0	6981.0	5462.0	5789.0	5827.0	6695.0	9265.0	7718.0	6811.0	7590.0	10147.0	16195.0	94579.0	839312.0
lane7-s108-index-AGCCGACG-SHI-Plate1-A1-2-plexWell96-12_S108_L007_R1_001	635.0	781.0	748.0	766.0	792.0	803.0	907.0	941.0	982.0	1002.0	1030.0	1104.0	1157.0	1197.0	1227.0	1223.0	1301.0	1372.0	1428.0	1489.0	1454.0	1497.0	1526.0	1648.0	1694.0	1725.0	1686.0	1702.0	1833.0	1998.0	2035.0	1938.0	2144.0	2379.0	2400.0	2367.0	2317.0	2464.0	3098.0	2916.0	2767.0	2905.0	3484.0	5754.0	31329.0	268177.0
lane7-s109-index-CGAATTCA-SHI-Plate1-A1-3-plexWell96-13_S109_L007_R1_001	1197.0	1246.0	1247.0	1312.0	1311.0	1344.0	1457.0	1464.0	1528.0	1647.0	1607.0	1595.0	1794.0	1749.0	1769.0	1791.0	1872.0	1920.0	1955.0	1989.0	2050.0	2052.0	2224.0	2270.0	2328.0	2471.0	2453.0	2527.0	2659.0	2638.0	2796.0	2928.0	3469.0	4014.0	3200.0	3264.0	3436.0	3909.0	5196.0	4469.0	4179.0	4575.0	6349.0	10579.0	59252.0	483250.0
lane7-s110-index-GTCAGACC-SHI-Plate1-A1-4-plexWell96-14_S110_L007_R1_001	1576.0	1615.0	1752.0	1798.0	1843.0	1883.0	1921.0	1986.0	2006.0	2194.0	2220.0	2223.0	2247.0	2434.0	2469.0	2600.0	2664.0	2654.0	2828.0	2864.0	2920.0	3035.0	3184.0	3331.0	3319.0	3450.0	3573.0	3574.0	3671.0	3892.0	4143.0	4785.0	5320.0	6580.0	4631.0	4910.0	4876.0	6148.0	9043.0	7089.0	5806.0	6940.0	10061.0	16653.0	82507.0	665928.0
lane7-s111-index-CATTGCCT-SHI-Plate1-A1-5-plexWell96-15_S111_L007_R1_001	1390.0	1334.0	1394.0	1463.0	1459.0	1497.0	1469.0	1546.0	1561.0	1677.0	1675.0	1663.0	1793.0	1837.0	1888.0	1928.0	1949.0	1955.0	1941.0	2034.0	2125.0	2157.0	2249.0	2322.0	2371.0	2483.0	2530.0	2494.0	2581.0	2660.0	2769.0	2857.0	2842.0	3005.0	3172.0	3129.0	3192.0	3313.0	3539.0	3569.0	3959.0	4154.0	5209.0	9847.0	59044.0	519212.0
lane7-s112-index-TAACCGCA-Mock-1-plexWell96-16_S112_L007_R1_001	1235.0	1392.0	1489.0	1612.0	1626.0	1697.0	1781.0	1938.0	2040.0	2108.0	2228.0	2208.0	2278.0	2371.0	2590.0	2569.0	2754.0	2751.0	2866.0	2890.0	3133.0	3126.0	3311.0	3331.0	3481.0	3593.0	3599.0	3786.0	3783.0	3945.0	4163.0	4450.0	5146.0	5716.0	4582.0	4620.0	4876.0	5439.0	8063.0	6635.0	5631.0	6130.0	8446.0	13216.0	61367.0	546658.0
lane7-s113-index-GCGCGAAG-Mock-2-plexWell96-17_S113_L007_R1_001	520.0	587.0	675.0	663.0	742.0	779.0	854.0	952.0	978.0	1075.0	1053.0	1124.0	1186.0	1233.0	1264.0	1307.0	1383.0	1388.0	1493.0	1520.0	1569.0	1570.0	1668.0	1753.0	1750.0	1815.0	1949.0	1939.0	2057.0	1895.0	2131.0	2257.0	2349.0	2649.0	2228.0	2694.0	2633.0	2827.0	3977.0	3110.0	2627.0	3031.0	4252.0	6330.0	29379.0	261602.0
lane7-s114-index-AACACGTG-Mock-3-plexWell96-18_S114_L007_R1_001	1420.0	1648.0	1786.0	1962.0	2059.0	2200.0	2389.0	2579.0	2745.0	2840.0	2828.0	2948.0	3164.0	3394.0	3565.0	3528.0	3692.0	3823.0	4151.0	4172.0	4292.0	4412.0	4540.0	4666.0	4890.0	4974.0	5105.0	5324.0	5463.0	5566.0	5668.0	6154.0	7446.0	9337.0	6604.0	6853.0	7139.0	7948.0	12617.0	9922.0	8125.0	8735.0	12526.0	18813.0	86577.0	774846.0
lane7-s115-index-GTAGTCAC-Mock-4-plexWell96-19_S115_L007_R1_001	1081.0	1221.0	1333.0	1441.0	1673.0	1727.0	1839.0	2056.0	2064.0	2266.0	2242.0	2472.0	2545.0	2714.0	2808.0	2824.0	2918.0	3095.0	3197.0	3335.0	3394.0	3570.0	3628.0	3805.0	3917.0	3934.0	4135.0	4204.0	4426.0	4492.0	4760.0	5348.0	6843.0	10677.0	5144.0	5329.0	5671.0	7162.0	11953.0	8859.0	6347.0	7085.0	10253.0	16147.0	61906.0	541919.0
lane7-s116-index-GAGTTCTC-Mock-5-plexWell96-20_S116_L007_R1_001	2400.0	2780.0	2932.0	3252.0	3346.0	3468.0	3728.0	4056.0	4179.0	4448.0	4545.0	4858.0	4896.0	5238.0	5453.0	5473.0	5702.0	5966.0	6179.0	6464.0	6449.0	6774.0	6925.0	7197.0	7455.0	7757.0	7890.0	8081.0	8384.0	8672.0	9127.0	9792.0	11419.0	14139.0	10208.0	10246.0	10826.0	11937.0	16496.0	14097.0	12524.0	13565.0	17663.0	28364.0	167502.0	1545161.0
lane7-s117-index-GTGAGGAA-YZ5-1-plexWell96-21_S117_L007_R1_001	936.0	1117.0	1208.0	1227.0	1350.0	1367.0	1518.0	1688.0	1717.0	1796.0	1757.0	1908.0	1830.0	2053.0	2105.0	2123.0	2109.0	2302.0	2334.0	2350.0	2389.0	2462.0	2628.0	2714.0	2716.0	2814.0	2850.0	2922.0	3175.0	2989.0	3056.0	3272.0	3561.0	3950.0	3303.0	3498.0	3474.0	4003.0	4996.0	4396.0	4062.0	4252.0	5289.0	7852.0	36506.0	306292.0
lane7-s118-index-GATTCGTA-YZ5-2-plexWell96-22_S118_L007_R1_001	1141.0	1292.0	1243.0	1452.0	1518.0	1587.0	1825.0	1905.0	1990.0	2051.0	2041.0	2126.0	2184.0	2349.0	2354.0	2467.0	2488.0	2538.0	2621.0	2673.0	2715.0	2808.0	2961.0	3143.0	3054.0	3186.0	3240.0	3329.0	3399.0	3412.0	3705.0	3612.0	4047.0	4580.0	3885.0	4128.0	4153.0	4576.0	5809.0	5089.0	4636.0	4784.0	6443.0	9913.0	42898.0	363120.0
lane7-s119-index-GATGCAAT-YZ5-3-plexWell96-23_S119_L007_R1_001	1375.0	1551.0	1625.0	1872.0	1922.0	2053.0	2086.0	2339.0	2443.0	2501.0	2566.0	2705.0	2712.0	2963.0	2952.0	3159.0	3194.0	3240.0	3310.0	3486.0	3426.0	3531.0	3649.0	3970.0	3956.0	3899.0	4082.0	4241.0	4221.0	4278.0	4466.0	4655.0	5210.0	6206.0	4797.0	5105.0	5144.0	5963.0	7641.0	6238.0	5627.0	6123.0	8116.0	12676.0	52325.0	439129.0
lane7-s120-index-ACACGGTT-YZ5-4-plexWell96-24_S120_L007_R1_001	1259.0	1385.0	1520.0	1650.0	1718.0	1837.0	2002.0	2074.0	2059.0	2163.0	2228.0	2286.0	2475.0	2442.0	2540.0	2677.0	2765.0	2788.0	2875.0	3052.0	2990.0	3033.0	3129.0	3369.0	3510.0	3505.0	3507.0	3634.0	3724.0	3927.0	4145.0	4305.0	5060.0	6279.0	4362.0	4500.0	4701.0	5194.0	7092.0	6002.0	5301.0	5642.0	7536.0	11751.0	47563.0	397881.0
lane7-s121-index-GAGGCTGC-YZ5-5-plexWell96-25_S121_L007_R1_001	2327.0	2466.0	2660.0	2907.0	3105.0	3210.0	3338.0	3489.0	3687.0	3880.0	3897.0	4114.0	4215.0	4538.0	4426.0	4625.0	4633.0	4813.0	5050.0	5119.0	5255.0	5431.0	5450.0	5564.0	5787.0	5981.0	5969.0	6210.0	6393.0	6480.0	6610.0	6926.0	7202.0	7920.0	7233.0	7475.0	7503.0	7952.0	8807.0	8673.0	8602.0	9045.0	10769.0	18433.0	84759.0	697579.0
lane7-s122-index-ACAGTTCG-ACR-134-1-plexWell96-26_S122_L007_R1_001	270.0	298.0	374.0	407.0	464.0	508.0	516.0	641.0	701.0	722.0	724.0	836.0	848.0	831.0	923.0	953.0	981.0	997.0	1103.0	1016.0	1032.0	1174.0	1174.0	1256.0	1256.0	1200.0	1326.0	1331.0	1423.0	1466.0	1503.0	1510.0	1722.0	1976.0	1693.0	1685.0	1839.0	2002.0	2594.0	2374.0	2300.0	2797.0	3829.0	6184.0	22060.0	146717.0
lane7-s123-index-CGGAGATA-ACR-134-2-plexWell96-27_S123_L007_R1_001	283.0	298.0	357.0	436.0	479.0	507.0	588.0	638.0	708.0	728.0	786.0	811.0	931.0	910.0	902.0	990.0	1032.0	1084.0	1081.0	1100.0	1147.0	1190.0	1296.0	1281.0	1372.0	1332.0	1387.0	1477.0	1527.0	1549.0	1523.0	1613.0	1847.0	1954.0	1858.0	2387.0	6491.0	2776.0	2371.0	2024.0	2026.0	2369.0	3404.0	5858.0	20085.0	130770.0
lane7-s124-index-TCGCCAGC-ACR-134-3-plexWell96-28_S124_L007_R1_001	393.0	466.0	500.0	598.0	665.0	672.0	781.0	903.0	992.0	987.0	1050.0	1091.0	1183.0	1194.0	1275.0	1237.0	1398.0	1371.0	1423.0	1475.0	1431.0	1542.0	1669.0	1708.0	1725.0	1799.0	1808.0	1932.0	2021.0	1891.0	2048.0	2057.0	2423.0	2570.0	2307.0	2259.0	2283.0	2643.0	3524.0	3016.0	2994.0	3482.0	4725.0	7298.0	26616.0	206101.0
lane7-s125-index-TGCACTGT-ACR-134-4-plexWell96-29_S125_L007_R1_001	198.0	229.0	279.0	324.0	346.0	345.0	423.0	440.0	511.0	488.0	547.0	563.0	675.0	640.0	633.0	601.0	702.0	679.0	765.0	787.0	783.0	811.0	871.0	904.0	911.0	982.0	944.0	1001.0	1069.0	1026.0	1054.0	1098.0	1196.0	1366.0	1138.0	1111.0	1213.0	1424.0	1751.0	1478.0	1468.0	1737.0	2243.0	3334.0	11824.0	91213.0
lane7-s126-index-GTACGCGA-ACR-134-5-plexWell96-30_S126_L007_R1_001	557.0	622.0	714.0	896.0	971.0	958.0	1106.0	1161.0	1269.0	1309.0	1320.0	1425.0	1446.0	1495.0	1591.0	1532.0	1664.0	1732.0	1911.0	1890.0	2002.0	2043.0	2002.0	2101.0	2197.0	2197.0	2271.0	2417.0	2472.0	2537.0	2533.0	2568.0	2766.0	3101.0	2936.0	3002.0	3068.0	3329.0	3931.0	3958.0	4141.0	4806.0	6221.0	10330.0	41286.0	325133.0
lane7-s127-index-CTATCCGG-SHI-Plate1-A1-1-plexWell96-31_S127_L007_R1_001	2254.0	2471.0	2439.0	2581.0	2747.0	2709.0	2896.0	2970.0	3152.0	3161.0	3325.0	3343.0	3422.0	3638.0	3639.0	3811.0	3925.0	4164.0	4226.0	4411.0	4382.0	4552.0	4725.0	4879.0	5106.0	5157.0	5194.0	5599.0	5530.0	5751.0	6135.0	6634.0	7910.0	10694.0	6969.0	7113.0	7437.0	8871.0	13740.0	10928.0	8725.0	10040.0	14332.0	23616.0	124809.0	1092798.0
lane7-s128-index-CTTAGAGT-SHI-Plate1-A1-2-plexWell96-32_S128_L007_R1_001	1993.0	2160.0	2238.0	2304.0	2367.0	2402.0	2544.0	2653.0	2776.0	2725.0	2846.0	2873.0	3114.0	3169.0	3136.0	3331.0	3484.0	3490.0	3492.0	3625.0	3711.0	3798.0	4075.0	4121.0	4303.0	4433.0	4494.0	4643.0	4776.0	4950.0	5169.0	5769.0	6775.0	8497.0	5876.0	6196.0	6294.0	7474.0	11072.0	8900.0	7424.0	8310.0	11638.0	19240.0	103554.0	921369.0
lane7-s129-index-CAAGGACC-SHI-Plate1-A1-3-plexWell96-33_S129_L007_R1_001	3037.0	3095.0	3239.0	3356.0	3395.0	3430.0	3675.0	3572.0	3733.0	3840.0	4064.0	4103.0	4218.0	4292.0	4390.0	4498.0	4602.0	4720.0	4900.0	4946.0	5162.0	5285.0	5452.0	5623.0	5710.0	5958.0	6047.0	6159.0	6321.0	6432.0	6776.0	7353.0	8434.0	9718.0	7455.0	7813.0	8077.0	9612.0	13618.0	11044.0	9527.0	10579.0	14783.0	23708.0	123556.0	1086758.0
lane7-s130-index-AGACAGAG-SHI-Plate1-A1-4-plexWell96-34_S130_L007_R1_001	195.0	183.0	245.0	269.0	229.0	234.0	253.0	283.0	277.0	329.0	333.0	320.0	356.0	387.0	383.0	384.0	391.0	420.0	447.0	433.0	470.0	446.0	510.0	449.0	534.0	522.0	518.0	554.0	547.0	609.0	601.0	632.0	621.0	759.0	633.0	671.0	646.0	750.0	861.0	773.0	722.0	731.0	901.0	1264.0	6113.0	49643.0
lane7-s131-index-TCGGATCA-SHI-Plate1-A1-5-plexWell96-35_S131_L007_R1_001	596.0	648.0	715.0	762.0	742.0	755.0	807.0	787.0	789.0	887.0	876.0	811.0	913.0	964.0	979.0	977.0	1044.0	1053.0	1135.0	1096.0	1064.0	1213.0	1215.0	1213.0	1282.0	1295.0	1320.0	1288.0	1404.0	1415.0	1486.0	1570.0	1561.0	1607.0	1630.0	1764.0	1763.0	1879.0	2052.0	1994.0	2160.0	2374.0	3166.0	5751.0	31840.0	274820.0
lane7-s132-index-TAATGGAC-Mock-1-plexWell96-36_S132_L007_R1_001	979.0	1065.0	1135.0	1245.0	1276.0	1456.0	1429.0	1562.0	1682.0	1773.0	1838.0	1966.0	1995.0	2153.0	2103.0	2164.0	2315.0	2439.0	2599.0	2642.0	2557.0	2759.0	2813.0	2942.0	2940.0	3233.0	3151.0	3274.0	3451.0	3446.0	3636.0	3860.0	4377.0	5324.0	4140.0	4184.0	4215.0	4980.0	7122.0	5793.0	4814.0	5293.0	7259.0	11431.0	52664.0	467866.0
lane7-s133-index-TAGCAACT-Mock-2-plexWell96-37_S133_L007_R1_001	1128.0	1176.0	1258.0	1461.0	1435.0	1560.0	1619.0	1724.0	1908.0	1994.0	2007.0	2138.0	2242.0	2274.0	2326.0	2384.0	2533.0	2566.0	2770.0	2703.0	2823.0	3010.0	3121.0	3205.0	3315.0	3374.0	3384.0	3493.0	3619.0	3697.0	4055.0	4248.0	5083.0	6097.0	4377.0	4678.0	4845.0	5517.0	8386.0	6628.0	5494.0	6105.0	8647.0	13490.0	61544.0	536010.0
lane7-s134-index-ATAGCACA-Mock-3-plexWell96-38_S134_L007_R1_001	826.0	909.0	965.0	1065.0	1048.0	1186.0	1257.0	1352.0	1422.0	1452.0	1523.0	1565.0	1609.0	1738.0	1790.0	1796.0	1808.0	1863.0	2022.0	2044.0	2098.0	2148.0	2242.0	2392.0	2335.0	2457.0	2586.0	2481.0	2715.0	2720.0	3027.0	3055.0	3433.0	3834.0	3134.0	3451.0	3379.0	3801.0	5206.0	4441.0	3939.0	4300.0	5733.0	8698.0	44370.0	396116.0
lane7-s135-index-ATCAACCG-Mock-4-plexWell96-39_S135_L007_R1_001	844.0	993.0	1042.0	1047.0	1169.0	1302.0	1395.0	1474.0	1489.0	1610.0	1651.0	1776.0	1906.0	1846.0	1950.0	2061.0	2060.0	2154.0	2189.0	2308.0	2392.0	2388.0	2474.0	2579.0	2807.0	2715.0	2842.0	2781.0	2950.0	3016.0	3246.0	3319.0	3716.0	4431.0	3375.0	3505.0	3568.0	4161.0	6195.0	4895.0	4034.0	4451.0	6589.0	8991.0	35664.0	287903.0
lane7-s136-index-TTCCTCAT-Mock-5-plexWell96-40_S136_L007_R1_001	2502.0	2575.0	2900.0	3082.0	3291.0	3550.0	3681.0	3873.0	4140.0	4383.0	4492.0	4494.0	4713.0	5029.0	5079.0	5412.0	5225.0	5561.0	5857.0	6004.0	6077.0	6339.0	6420.0	6707.0	6967.0	7296.0	7316.0	7489.0	7540.0	7815.0	8080.0	8575.0	9884.0	10185.0	9123.0	9334.0	9910.0	10557.0	13509.0	11912.0	11233.0	12015.0	15865.0	25351.0	144132.0	1304190.0
lane7-s137-index-AGCTACGT-YZ5-1-plexWell96-41_S137_L007_R1_001	643.0	691.0	792.0	916.0	922.0	1030.0	1047.0	1124.0	1159.0	1303.0	1293.0	1398.0	1395.0	1573.0	1483.0	1559.0	1680.0	1667.0	1762.0	1853.0	1904.0	1966.0	1976.0	2093.0	2096.0	2238.0	2288.0	2206.0	2330.0	2552.0	2542.0	2606.0	3049.0	4068.0	2796.0	2857.0	2971.0	3142.0	3844.0	3636.0	3335.0	3486.0	4407.0	7174.0	29250.0	233296.0
lane7-s138-index-ATTCCATC-YZ5-2-plexWell96-42_S138_L007_R1_001	996.0	1110.0	1101.0	1276.0	1345.0	1401.0	1371.0	1556.0	1645.0	1681.0	1749.0	1700.0	1875.0	1900.0	1886.0	1960.0	2023.0	1999.0	2203.0	2144.0	2246.0	2296.0	2464.0	2447.0	2468.0	2667.0	2697.0	2779.0	2800.0	2898.0	2910.0	2988.0	3469.0	3921.0	3207.0	3209.0	3344.0	3639.0	4515.0	4146.0	3728.0	4021.0	5149.0	7870.0	37195.0	314990.0
lane7-s139-index-GTTGTAGG-YZ5-3-plexWell96-43_S139_L007_R1_001	903.0	934.0	1083.0	1122.0	1234.0	1305.0	1467.0	1533.0	1680.0	1712.0	1833.0	1864.0	1903.0	2055.0	2103.0	2160.0	2142.0	2265.0	2289.0	2525.0	2560.0	2613.0	2650.0	2789.0	2893.0	2812.0	2933.0	3021.0	3131.0	3144.0	3313.0	3427.0	3705.0	4325.0	3540.0	3642.0	3884.0	4423.0	5568.0	4681.0	4092.0	4384.0	5624.0	8885.0	36634.0	308714.0
lane7-s140-index-TGTGACTA-YZ5-4-plexWell96-44_S140_L007_R1_001	923.0	1054.0	1100.0	1251.0	1344.0	1388.0	1417.0	1684.0	1670.0	1782.0	1842.0	1924.0	1949.0	2021.0	1972.0	2119.0	2145.0	2337.0	2344.0	2439.0	2415.0	2565.0	2568.0	2736.0	2713.0	2767.0	2858.0	2946.0	3019.0	2953.0	3229.0	3407.0	3766.0	4722.0	3504.0	3501.0	3568.0	4039.0	5809.0	4591.0	4159.0	4448.0	5907.0	9163.0	36141.0	302418.0
lane7-s141-index-CGAAACGC-YZ5-5-plexWell96-45_S141_L007_R1_001	1577.0	1754.0	1907.0	2050.0	2108.0	2232.0	2361.0	2449.0	2579.0	2665.0	2755.0	2806.0	2749.0	3067.0	3013.0	3117.0	3253.0	3325.0	3357.0	3514.0	3630.0	3641.0	3697.0	3836.0	4002.0	3932.0	4077.0	4201.0	4286.0	4398.0	4599.0	4627.0	5020.0	5203.0	4931.0	5047.0	5095.0	5326.0	5959.0	5761.0	5942.0	6226.0	7774.0	13324.0	59834.0	472710.0
lane7-s142-index-GTGTGATT-ACR-134-1-plexWell96-46_S142_L007_R1_001	348.0	441.0	454.0	580.0	629.0	591.0	690.0	834.0	918.0	882.0	983.0	1022.0	1073.0	1162.0	1125.0	1161.0	1268.0	1294.0	1310.0	1428.0	1378.0	1474.0	1529.0	1594.0	1599.0	1676.0	1762.0	1912.0	1936.0	1837.0	1814.0	1957.0	2221.0	2487.0	2088.0	2044.0	2281.0	2631.0	3703.0	3179.0	2812.0	3454.0	4369.0	6880.0	25166.0	199308.0
lane7-s143-index-AGGCTGGA-ACR-134-2-plexWell96-47_S143_L007_R1_001	87.0	87.0	117.0	128.0	148.0	166.0	181.0	167.0	232.0	203.0	232.0	243.0	258.0	280.0	296.0	291.0	296.0	311.0	342.0	357.0	356.0	351.0	389.0	379.0	393.0	431.0	415.0	431.0	457.0	445.0	452.0	486.0	561.0	536.0	512.0	492.0	585.0	598.0	692.0	642.0	680.0	762.0	929.0	1423.0	5482.0	41898.0
lane7-s144-index-CGTGCTGG-ACR-134-3-plexWell96-48_S144_L007_R1_001	376.0	492.0	537.0	652.0	698.0	748.0	845.0	880.0	976.0	983.0	1109.0	1158.0	1223.0	1260.0	1314.0	1286.0	1360.0	1367.0	1494.0	1569.0	1581.0	1625.0	1712.0	1766.0	1867.0	1783.0	1888.0	1951.0	2183.0	2111.0	2244.0	2304.0	2584.0	3313.0	2432.0	2456.0	2591.0	2870.0	4120.0	3493.0	3225.0	3810.0	5355.0	8212.0	30880.0	234246.0
lane7-s145-index-AATAGGAT-ACR-134-4-plexWell96-49_S145_L007_R1_001	220.0	263.0	335.0	381.0	447.0	472.0	508.0	619.0	605.0	656.0	702.0	742.0	762.0	763.0	816.0	824.0	914.0	915.0	961.0	1041.0	984.0	968.0	1080.0	1087.0	1151.0	1135.0	1175.0	1259.0	1336.0	1237.0	1339.0	1417.0	1619.0	2111.0	1354.0	1433.0	1516.0	1640.0	2526.0	2119.0	1843.0	2122.0	2985.0	4414.0	15719.0	121042.0
lane7-s146-index-CGTCTGCC-ACR-134-5-plexWell96-50_S146_L007_R1_001	409.0	504.0	635.0	664.0	735.0	728.0	827.0	872.0	1010.0	1019.0	1085.0	1074.0	1218.0	1326.0	1320.0	1278.0	1403.0	1367.0	1449.0	1499.0	1511.0	1557.0	1618.0	1695.0	1750.0	1799.0	1810.0	1929.0	1955.0	1879.0	1965.0	2108.0	2292.0	2423.0	2200.0	2346.0	2336.0	2641.0	3153.0	3053.0	3272.0	3921.0	4720.0	8211.0	32055.0	244568.0
lane7-s147-index-GAATCTAG-SHI-Plate1-A1-1-plexWell96-51_S147_L007_R1_001	1634.0	1696.0	1746.0	1847.0	1900.0	1919.0	1999.0	2123.0	2188.0	2228.0	2320.0	2381.0	2396.0	2525.0	2594.0	2580.0	2652.0	2761.0	2896.0	2943.0	3040.0	3170.0	3302.0	3340.0	3534.0	3582.0	3661.0	3825.0	3869.0	3965.0	4236.0	4636.0	5427.0	6630.0	4873.0	5162.0	5513.0	6794.0	9793.0	7667.0	6089.0	6846.0	10161.0	15866.0	81503.0	712237.0
lane7-s148-index-ATGCGTCA-SHI-Plate1-A1-2-plexWell96-52_S148_L007_R1_001	1479.0	1488.0	1575.0	1648.0	1765.0	1758.0	1788.0	1807.0	1901.0	1969.0	2042.0	1989.0	2096.0	2124.0	2291.0	2267.0	2377.0	2572.0	2479.0	2664.0	2715.0	2782.0	2865.0	2987.0	3085.0	3074.0	3087.0	3204.0	3294.0	3533.0	3595.0	3870.0	4296.0	5328.0	4178.0	4286.0	4356.0	4931.0	6694.0	5747.0	5015.0	5562.0	7662.0	12062.0	72164.0	634841.0
lane7-s149-index-GCAAGTAC-SHI-Plate1-A1-3-plexWell96-53_S149_L007_R1_001	2018.0	2099.0	2091.0	2250.0	2379.0	2355.0	2458.0	2469.0	2707.0	2588.0	2759.0	2829.0	2963.0	2982.0	3097.0	3167.0	3127.0	3283.0	3410.0	3580.0	3752.0	3814.0	3879.0	4069.0	4161.0	4216.0	4362.0	4534.0	4630.0	4921.0	5065.0	5726.0	6646.0	8605.0	5748.0	5867.0	6136.0	7282.0	11079.0	8796.0	7304.0	8261.0	11580.0	19057.0	102348.0	905109.0
lane7-s150-index-ACTGACCT-SHI-Plate1-A1-4-plexWell96-54_S150_L007_R1_001	1212.0	1240.0	1288.0	1350.0	1371.0	1414.0	1467.0	1449.0	1495.0	1532.0	1663.0	1685.0	1747.0	1714.0	1803.0	1895.0	1885.0	1960.0	2108.0	2059.0	2166.0	2202.0	2256.0	2269.0	2559.0	2481.0	2547.0	2643.0	2600.0	2748.0	2901.0	3331.0	3844.0	4732.0	3169.0	3418.0	3565.0	4155.0	6130.0	5079.0	4206.0	4497.0	6669.0	10585.0	56795.0	495004.0
lane7-s151-index-GAAGACCA-SHI-Plate1-A1-5-plexWell96-55_S151_L007_R1_001	2311.0	2392.0	2558.0	2607.0	2742.0	2786.0	2745.0	2755.0	2990.0	3015.0	2970.0	3094.0	3157.0	3362.0	3342.0	3413.0	3412.0	3437.0	3692.0	3706.0	3827.0	4053.0	3967.0	4077.0	4295.0	4371.0	4415.0	4658.0	4692.0	4831.0	5105.0	5167.0	5284.0	5503.0	5518.0	5777.0	5855.0	6011.0	6499.0	6767.0	7038.0	7524.0	9593.0	17402.0	105397.0	937621.0
lane7-s152-index-CAGAAGCG-Mock-1-plexWell96-56_S152_L007_R1_001	1219.0	1372.0	1512.0	1684.0	1692.0	1858.0	2016.0	2161.0	2272.0	2430.0	2539.0	2482.0	2651.0	2717.0	2802.0	3024.0	3053.0	3324.0	3281.0	3448.0	3685.0	3630.0	3802.0	3981.0	4000.0	4300.0	4263.0	4388.0	4401.0	4549.0	4964.0	5437.0	6720.0	8828.0	5364.0	5816.0	5979.0	7068.0	10625.0	8273.0	6904.0	7965.0	11484.0	18983.0	85330.0	684994.0
lane7-s153-index-AGCTCTAC-Mock-2-plexWell96-57_S153_L007_R1_001	289.0	277.0	355.0	379.0	418.0	467.0	464.0	560.0	533.0	567.0	586.0	620.0	638.0	686.0	692.0	664.0	693.0	765.0	820.0	779.0	749.0	783.0	896.0	986.0	892.0	960.0	934.0	1024.0	1054.0	1008.0	1106.0	1136.0	1275.0	1364.0	1281.0	1236.0	1231.0	1328.0	1718.0	1691.0	1454.0	1488.0	1911.0	2825.0	13361.0	115528.0
lane7-s154-index-CCACTACT-Mock-3-plexWell96-58_S154_L007_R1_001	1360.0	1497.0	1650.0	1798.0	1813.0	1875.0	2113.0	2239.0	2365.0	2438.0	2580.0	2722.0	2761.0	2924.0	2922.0	3049.0	3063.0	3288.0	3311.0	3402.0	3468.0	3566.0	3685.0	3857.0	4074.0	4048.0	4147.0	4211.0	4440.0	4338.0	4616.0	4985.0	5797.0	6673.0	5103.0	5231.0	5399.0	6105.0	9058.0	7345.0	6342.0	6757.0	9261.0	14023.0	65146.0	576486.0
lane7-s155-index-GACCTACA-Mock-4-plexWell96-59_S155_L007_R1_001	701.0	835.0	988.0	1006.0	1112.0	1216.0	1288.0	1413.0	1464.0	1554.0	1618.0	1594.0	1737.0	1831.0	1913.0	1854.0	1974.0	2145.0	2269.0	2292.0	2144.0	2326.0	2347.0	2605.0	2587.0	2559.0	2709.0	2866.0	2974.0	2970.0	3011.0	2981.0	3416.0	3778.0	3432.0	3559.0	3477.0	3963.0	5962.0	4843.0	3799.0	4141.0	5999.0	8861.0	32407.0	284325.0
lane7-s156-index-CACGTCCG-Mock-5-plexWell96-60_S156_L007_R1_001	2391.0	2648.0	2789.0	3138.0	3228.0	3448.0	3686.0	3816.0	3921.0	4130.0	4332.0	4400.0	4675.0	4939.0	4959.0	5154.0	5214.0	5473.0	5614.0	5806.0	5936.0	6199.0	6428.0	6615.0	6756.0	6982.0	7337.0	7304.0	7695.0	7680.0	8033.0	8679.0	9808.0	11123.0	9388.0	9393.0	9533.0	10609.0	13727.0	11953.0	11315.0	12470.0	16617.0	27788.0	150076.0	1282360.0
lane7-s551-index--TAAGGCGA-CTCCTTAC-YZ5-1-NexteraFlex-Full_S551_L007_R1_001	4023.0	5119.0	5315.0	4477.0	3611.0	4353.0	5438.0	5942.0	5110.0	4035.0	4492.0	5576.0	6354.0	5877.0	4720.0	4811.0	6067.0	7089.0	6497.0	5344.0	4953.0	6250.0	7487.0	7232.0	6027.0	5553.0	6470.0	7931.0	8025.0	7020.0	6385.0	7061.0	8349.0	8932.0	8160.0	7250.0	7731.0	9588.0	10423.0	10530.0	10598.0	12647.0	20837.0	60658.0	188180.0	4154692.0
lane7-s552-index--CGTACTAG-TCTTACGC-YZ5-2-NexteraFlex-Full_S552_L007_R1_001	4825.0	6277.0	6737.0	5346.0	4305.0	5187.0	6856.0	7333.0	6308.0	4779.0	5370.0	7250.0	7886.0	6924.0	5545.0	5510.0	7163.0	8363.0	7688.0	6379.0	5869.0	7372.0	8672.0	8401.0	7082.0	6459.0	7295.0	8855.0	8976.0	8087.0	6854.0	7638.0	9175.0	9623.0	9005.0	7835.0	8225.0	9630.0	10817.0	10574.0	10560.0	11912.0	18823.0	45060.0	250726.0	2002015.0
lane7-s553-index--AGGCAGAA-TATGCAGT-YZ5-3-NexteraFlex-Full_S553_L007_R1_001	2457.0	3134.0	3303.0	2672.0	2106.0	2500.0	3337.0	3662.0	3063.0	2437.0	2753.0	3488.0	3930.0	3467.0	2810.0	2806.0	3568.0	4248.0	3847.0	3186.0	3116.0	3684.0	4461.0	4527.0	3709.0	3309.0	3940.0	4840.0	4869.0	4304.0	3715.0	4188.0	5083.0	5669.0	5044.0	4424.0	4610.0	5483.0	6334.0	6067.0	5975.0	6809.0	10900.0	30745.0	92640.0	2121006.0
lane7-s554-index--GGACTCCT-AGAGGATA-YZ5-4-NexteraFlex-Full_S554_L007_R1_001	2011.0	2498.0	2702.0	2248.0	1786.0	2173.0	2852.0	3097.0	2603.0	2162.0	2316.0	3111.0	3414.0	3219.0	2501.0	2677.0	3287.0	4013.0	3641.0	3108.0	2957.0	3733.0	4315.0	4420.0	3829.0	3432.0	4145.0	5086.0	5253.0	4622.0	4016.0	4528.0	5786.0	6043.0	5668.0	5136.0	5266.0	6534.0	7366.0	7299.0	7264.0	8565.0	13375.0	35404.0	103848.0	2186899.0
lane7-s555-index--TAGGCATG-ACTCTAGG-YZ5-5-NexteraFlex-Full_S555_L007_R1_001	5082.0	6752.0	7229.0	5732.0	4172.0	5142.0	6954.0	7488.0	6317.0	4810.0	5046.0	6831.0	7854.0	6744.0	5282.0	5209.0	6887.0	7761.0	7275.0	5680.0	5233.0	6602.0	7893.0	7751.0	6370.0	5428.0	6515.0	7688.0	7887.0	6688.0	5807.0	6416.0	7664.0	8387.0	7272.0	6362.0	6473.0	7725.0	8770.0	8210.0	7532.0	8557.0	12371.0	29059.0	164455.0	1404527.0
lane7-s556-index--CGAGGCTG-TCGCATAA-ACR-134-1-NexteraFlex-Full_S556_L007_R1_001	629.0	850.0	886.0	736.0	619.0	649.0	879.0	929.0	793.0	641.0	704.0	955.0	1006.0	915.0	712.0	719.0	936.0	1056.0	1034.0	851.0	756.0	931.0	1139.0	1111.0	950.0	880.0	1032.0	1182.0	1297.0	1134.0	1109.0	1169.0	1433.0	1682.0	1674.0	1590.0	1722.0	2090.0	2488.0	2713.0	3415.0	4449.0	6870.0	14637.0	62326.0	418717.0
lane7-s557-index--AAGAGGCA-CTAGTCGA-ACR-134-2-NexteraFlex-Full_S557_L007_R1_001	610.0	795.0	850.0	687.0	588.0	604.0	831.0	928.0	784.0	627.0	691.0	940.0	964.0	895.0	710.0	722.0	929.0	1095.0	1047.0	841.0	771.0	992.0	1177.0	1146.0	947.0	856.0	1045.0	1268.0	1384.0	1261.0	1161.0	1316.0	1543.0	1855.0	1855.0	1758.0	2003.0	2544.0	3210.0	3522.0	4278.0	5736.0	8670.0	19586.0	49403.0	911024.0
lane7-s558-index--GCTCATGA-ATTAGACG-ACR-134-3-NexteraFlex-Full_S558_L007_R1_001	557.0	747.0	824.0	637.0	538.0	592.0	768.0	832.0	718.0	600.0	617.0	784.0	1013.0	908.0	682.0	709.0	916.0	1034.0	954.0	841.0	792.0	935.0	1168.0	1136.0	975.0	844.0	1075.0	1333.0	1489.0	1247.0	1258.0	1325.0	1659.0	1784.0	1878.0	1860.0	2101.0	2678.0	3228.0	3651.0	4237.0	5733.0	8867.0	19068.0	46819.0	832881.0
lane7-s559-index--CGTACTAG-TATGCAGT-ACR-134-4-NexteraFlex-Full_S559_L007_R1_001	889.0	1245.0	1296.0	1099.0	863.0	1004.0	1237.0	1375.0	1154.0	930.0	985.0	1369.0	1509.0	1372.0	973.0	1024.0	1392.0	1514.0	1461.0	1235.0	1153.0	1462.0	1714.0	1697.0	1437.0	1367.0	1584.0	1880.0	1945.0	1771.0	1705.0	1838.0	2357.0	2515.0	2560.0	2447.0	2779.0	3371.0	4035.0	4650.0	5453.0	7223.0	11128.0	23703.0	64920.0	844941.0
lane7-s560-index--AGGCAGAA-CTCCTTAC-ACR-134-5-NexteraFlex-Full_S560_L007_R1_001	3058.0	4281.0	4506.0	3604.0	2699.0	3032.0	3986.0	4543.0	3802.0	2831.0	2988.0	4194.0	4752.0	4234.0	3100.0	3077.0	4066.0	4831.0	4545.0	3580.0	3280.0	4138.0	4879.0	4937.0	4043.0	3508.0	4187.0	5146.0	5435.0	4748.0	4172.0	4613.0	5393.0	6226.0	5678.0	5062.0	5736.0	6676.0	7917.0	8209.0	8848.0	10458.0	14690.0	28578.0	127486.0	1062887.0
lane7-s561-index--TAAGGCGA-TCTTACGC-SHI-Plate1-A1-1-NexteraFlex-Full_S561_L007_R1_001	1605.0	2180.0	2313.0	1906.0	1434.0	1908.0	2549.0	2839.0	2354.0	1785.0	2183.0	3085.0	3416.0	3001.0	2442.0	2592.0	3545.0	4111.0	3908.0	3145.0	3087.0	4192.0	5063.0	4922.0	4073.0	3797.0	4789.0	6022.0	6232.0	5211.0	4806.0	5740.0	6976.0	7627.0	6897.0	6106.0	6883.0	8623.0	9671.0	9212.0	8913.0	10553.0	16302.0	37529.0	129870.0	2660776.0
lane7-s562-index--CTCTCTAC-AGAGGATA-SHI-Plate1-A1-2-NexteraFlex-Full_S562_L007_R1_001	1929.0	2664.0	2846.0	2249.0	1685.0	2308.0	3008.0	3190.0	2743.0	2052.0	2427.0	3376.0	3788.0	3250.0	2561.0	2672.0	3685.0	4367.0	4035.0	3133.0	3173.0	4087.0	4997.0	4770.0	3862.0	3485.0	4522.0	5665.0	5865.0	4782.0	4258.0	5063.0	6482.0	6850.0	6022.0	5235.0	5927.0	7484.0	8485.0	7965.0	7618.0	8845.0	13786.0	32751.0	115876.0	2402864.0
lane7-s563-index--GTAGAGGA-ACTCTAGG-SHI-Plate1-A1-3-NexteraFlex-Full_S563_L007_R1_001	1015.0	1430.0	1438.0	1162.0	895.0	1159.0	1601.0	1740.0	1410.0	1161.0	1326.0	1740.0	2044.0	1741.0	1332.0	1441.0	1928.0	2285.0	2101.0	1695.0	1666.0	2206.0	2661.0	2447.0	2119.0	1871.0	2252.0	2849.0	2978.0	2475.0	2220.0	2573.0	3246.0	3413.0	3133.0	2758.0	3105.0	3831.0	4390.0	4333.0	4217.0	5313.0	8874.0	24660.0	63336.0	2175289.0
lane7-s564-index--AAGAGGCA-ATTAGACG-SHI-Plate1-A1-4-NexteraFlex-Full_S564_L007_R1_001	1445.0	1917.0	2085.0	1628.0	1304.0	1523.0	2219.0	2410.0	1906.0	1520.0	1826.0	2519.0	2803.0	2435.0	1886.0	1977.0	2808.0	3129.0	2959.0	2414.0	2313.0	3027.0	3655.0	3584.0	2943.0	2694.0	3408.0	4235.0	4285.0	3615.0	3293.0	3841.0	4867.0	5024.0	4443.0	4020.0	4368.0	5594.0	6507.0	6240.0	6415.0	8371.0	14431.0	41028.0	106804.0	3604059.0
lane7-s565-index--GCTCATGA-TCGCATAA-SHI-Plate1-A1-5-NexteraFlex-Full_S565_L007_R1_001	3089.0	4228.0	4510.0	3404.0	2513.0	3279.0	4705.0	5197.0	4226.0	3056.0	3590.0	5086.0	5780.0	4965.0	3717.0	3809.0	5486.0	6354.0	5784.0	4276.0	4100.0	5526.0	6735.0	6660.0	5101.0	4436.0	5641.0	7113.0	7275.0	5967.0	5142.0	5788.0	7408.0	8085.0	6838.0	5753.0	6369.0	8149.0	8977.0	8305.0	7381.0	8395.0	12995.0	28618.0	190421.0	1803907.0
lane7-s566-index--CGAGGCTG-CTAGTCGA-Mock-1-NexteraFlex-Full_S566_L007_R1_001	3191.0	4254.0	4326.0	3488.0	2779.0	3510.0	4537.0	4990.0	4109.0	3341.0	3803.0	5246.0	5426.0	4817.0	3715.0	4122.0	5458.0	6063.0	5444.0	4438.0	4351.0	5710.0	6732.0	6300.0	5001.0	4833.0	6073.0	7248.0	7020.0	5875.0	5308.0	6262.0	7869.0	8031.0	6833.0	6536.0	7110.0	8833.0	9822.0	9726.0	10508.0	13814.0	23822.0	60173.0	199647.0	2828715.0
lane7-s567-index--AGGCAGAA-TCTTACGC-Mock-2-NexteraFlex-Full_S567_L007_R1_001	1855.0	2501.0	2565.0	2191.0	1690.0	2273.0	2967.0	3092.0	2661.0	2024.0	2392.0	3287.0	3603.0	3308.0	2601.0	2823.0	3779.0	4358.0	3878.0	3255.0	3303.0	4268.0	5053.0	4754.0	3984.0	3757.0	4693.0	5712.0	5739.0	4863.0	4462.0	5249.0	6575.0	6853.0	6059.0	5583.0	6284.0	7456.0	8464.0	7945.0	7943.0	9526.0	14791.0	38000.0	123396.0	2916716.0
lane7-s568-index--TAAGGCGA-TATGCAGT-Mock-3-NexteraFlex-Full_S568_L007_R1_001	2382.0	3140.0	3316.0	2760.0	2172.0	2867.0	3796.0	4138.0	3405.0	2676.0	3180.0	4315.0	4628.0	4050.0	3337.0	3617.0	4919.0	5452.0	4942.0	3976.0	4147.0	5309.0	6188.0	6080.0	4917.0	4765.0	5940.0	7248.0	7155.0	6272.0	5763.0	6753.0	8260.0	8423.0	7468.0	6802.0	7650.0	9659.0	10426.0	10141.0	10041.0	12462.0	20286.0	54684.0	179249.0	4248707.0
lane7-s569-index--CGTACTAG-CTCCTTAC-Mock-4-NexteraFlex-Full_S569_L007_R1_001	1286.0	1767.0	1844.0	1522.0	1206.0	1599.0	2001.0	2179.0	1785.0	1486.0	1763.0	2389.0	2524.0	2162.0	1766.0	1968.0	2511.0	2926.0	2618.0	2221.0	2114.0	2725.0	3402.0	3163.0	2568.0	2483.0	3107.0	3707.0	3572.0	3101.0	2959.0	3537.0	4225.0	4428.0	3942.0	3522.0	3944.0	4914.0	5635.0	5390.0	5682.0	7480.0	12382.0	31921.0	111380.0	1936007.0
lane7-s570-index--TAGCGCTC-AGAGGATA-Mock-5-NexteraFlex-Full_S570_L007_R1_001	27715.0	37425.0	38815.0	29301.0	22844.0	29520.0	40186.0	42119.0	33871.0	25443.0	30072.0	41660.0	45254.0	37593.0	28106.0	30510.0	41278.0	47025.0	41128.0	31628.0	30687.0	41050.0	47820.0	44496.0	35321.0	31807.0	40160.0	48485.0	46491.0	38226.0	33683.0	39254.0	48166.0	48940.0	40971.0	35427.0	38964.0	47506.0	50050.0	44664.0	39118.0	42414.0	56314.0	96496.0	499489.0	4537418.0
lane7-s571-index--GGACTCCT-CTCCTTAC-YZ5-1-NexteraFlex-Reduced_S571_L007_R1_001	21539.0	25679.0	27048.0	24036.0	20477.0	21434.0	24752.0	26521.0	24701.0	21102.0	20535.0	23171.0	25025.0	24271.0	21322.0	19761.0	21498.0	23645.0	23344.0	20858.0	18884.0	19755.0	21508.0	22167.0	20260.0	18032.0	17899.0	19586.0	20495.0	19149.0	17411.0	16981.0	17980.0	18912.0	18282.0	16617.0	15667.0	16558.0	17686.0	17842.0	17052.0	16518.0	18709.0	32518.0	150370.0	1235270.0
lane7-s572-index--CTCTCTAC-TCTTACGC-YZ5-2-NexteraFlex-Reduced_S572_L007_R1_001	25178.0	29329.0	31419.0	27509.0	23077.0	24360.0	28805.0	30387.0	28044.0	24007.0	23588.0	26559.0	29050.0	27717.0	24127.0	22763.0	24458.0	26893.0	26466.0	23770.0	21531.0	22333.0	24472.0	24912.0	22949.0	20371.0	20349.0	22022.0	22965.0	21823.0	19526.0	19031.0	20085.0	21188.0	20516.0	19008.0	17783.0	18492.0	19907.0	20078.0	19233.0	18368.0	21214.0	36136.0	162095.0	1337895.0
lane7-s573-index--TAGCGCTC-TATGCAGT-YZ5-3-NexteraFlex-Reduced_S573_L007_R1_001	19407.0	22558.0	23914.0	21264.0	17825.0	18740.0	22019.0	23484.0	21762.0	18525.0	18161.0	20382.0	22136.0	21333.0	18806.0	17579.0	18614.0	20842.0	20690.0	18471.0	16677.0	17155.0	18925.0	19588.0	17595.0	15875.0	15948.0	16868.0	17872.0	16935.0	15238.0	14773.0	15813.0	16494.0	16102.0	14808.0	13916.0	14411.0	15287.0	15672.0	14595.0	14248.0	16088.0	26892.0	122168.0	1025462.0
lane7-s574-index--TAGGCATG-AGAGGATA-YZ5-4-NexteraFlex-Reduced_S574_L007_R1_001	22778.0	26640.0	28135.0	24966.0	20813.0	22438.0	25705.0	27481.0	25545.0	21565.0	21201.0	24439.0	26378.0	24998.0	21997.0	20530.0	22144.0	24265.0	24298.0	21406.0	19735.0	20301.0	22145.0	22831.0	20818.0	18603.0	18848.0	20195.0	20980.0	19714.0	18124.0	17076.0	18589.0	19056.0	18825.0	17036.0	16120.0	16830.0	18058.0	18131.0	17403.0	16891.0	19308.0	32397.0	143610.0	1137802.0
lane7-s575-index--CGAGGCTG-ACTCTAGG-YZ5-5-NexteraFlex-Reduced_S575_L007_R1_001	31532.0	38237.0	41007.0	35734.0	30248.0	32724.0	38776.0	42169.0	39123.0	33261.0	32313.0	37683.0	41398.0	40285.0	34783.0	32440.0	35884.0	39982.0	40043.0	35417.0	32117.0	33600.0	37423.0	38809.0	35342.0	31622.0	31618.0	34810.0	36357.0	34316.0	31212.0	29971.0	32188.0	33936.0	33559.0	30191.0	28363.0	30464.0	33060.0	33848.0	33027.0	33040.0	42054.0	78276.0	333186.0	2245420.0
lane7-s576-index--TAAGGCGA-TCGCATAA-ACR-134-1-NexteraFlex-Reduced_S576_L007_R1_001	4223.0	5090.0	5402.0	4746.0	4082.0	3869.0	4633.0	5182.0	4634.0	4003.0	3922.0	4548.0	5055.0	5009.0	4053.0	3674.0	4289.0	4698.0	4810.0	4302.0	3799.0	3926.0	4517.0	4537.0	4236.0	3788.0	3864.0	4397.0	4511.0	4158.0	3844.0	3760.0	4061.0	4405.0	4454.0	3989.0	4098.0	4277.0	4912.0	5186.0	5509.0	5968.0	7709.0	13797.0	62426.0	485098.0
lane7-s577-index--CGTACTAG-CTAGTCGA-ACR-134-2-NexteraFlex-Reduced_S577_L007_R1_001	4370.0	5378.0	5780.0	5028.0	4228.0	4172.0	4952.0	5445.0	5082.0	4106.0	4108.0	4828.0	5399.0	5256.0	4364.0	3947.0	4452.0	5000.0	4886.0	4395.0	4098.0	4275.0	4700.0	4939.0	4508.0	4014.0	4147.0	4499.0	4932.0	4633.0	4103.0	4016.0	4407.0	4688.0	4628.0	4341.0	4505.0	4800.0	5363.0	5846.0	6291.0	7292.0	9380.0	17478.0	73668.0	497450.0
lane7-s578-index--AGGCAGAA-ATTAGACG-ACR-134-3-NexteraFlex-Reduced_S578_L007_R1_001	5925.0	7238.0	7835.0	6736.0	5798.0	5485.0	6772.0	7232.0	6782.0	5682.0	5463.0	6539.0	7233.0	6896.0	5702.0	5367.0	5949.0	6769.0	6661.0	5969.0	5276.0	5677.0	6597.0	6519.0	5964.0	5369.0	5453.0	5735.0	6347.0	6005.0	5501.0	5277.0	5636.0	6178.0	6057.0	5735.0	5604.0	6154.0	6849.0	7179.0	7464.0	8153.0	10566.0	18169.0	80368.0	636530.0
lane7-s579-index--CTCTCTAC-TATGCAGT-ACR-134-4-NexteraFlex-Reduced_S579_L007_R1_001	7525.0	9211.0	9800.0	8728.0	7326.0	7179.0	8482.0	9170.0	8509.0	7180.0	6994.0	8191.0	8949.0	8599.0	7288.0	6835.0	7464.0	8116.0	8279.0	7299.0	6516.0	7199.0	7916.0	8015.0	7330.0	6647.0	6504.0	7459.0	7713.0	7400.0	6715.0	6546.0	6766.0	7590.0	7319.0	6870.0	6804.0	7288.0	7835.0	8529.0	8712.0	9631.0	11865.0	20044.0	85187.0	657213.0
lane7-s580-index--TAGCGCTC-CTCCTTAC-ACR-134-5-NexteraFlex-Reduced_S580_L007_R1_001	5159.0	6324.0	6876.0	6354.0	5126.0	5070.0	6274.0	6831.0	6404.0	5391.0	5328.0	6087.0	7139.0	6962.0	5750.0	5229.0	6088.0	6861.0	7008.0	6230.0	5467.0	5943.0	6798.0	6999.0	6357.0	5689.0	5930.0	6539.0	7262.0	6646.0	5942.0	5874.0	6289.0	6976.0	6834.0	6624.0	6431.0	7065.0	8070.0	8562.0	9142.0	10234.0	13152.0	24751.0	115759.0	928600.0
lane7-s581-index--GGACTCCT-TCTTACGC-SHI-Plate1-A1-1-NexteraFlex-Reduced_S581_L007_R1_001	10740.0	13336.0	14241.0	12358.0	10131.0	11226.0	13587.0	15415.0	13873.0	11552.0	11646.0	14040.0	16005.0	15080.0	12779.0	12015.0	13978.0	16096.0	15971.0	14025.0	12766.0	14173.0	16218.0	16523.0	14943.0	13440.0	13856.0	16011.0	16983.0	15817.0	14297.0	14301.0	15909.0	17486.0	16600.0	15207.0	14735.0	16198.0	17845.0	18013.0	17734.0	18018.0	23528.0	47359.0	292094.0	2539944.0
lane7-s582-index--GTAGAGGA-AGAGGATA-SHI-Plate1-A1-2-NexteraFlex-Reduced_S582_L007_R1_001	17487.0	22094.0	23700.0	20362.0	16688.0	18077.0	22485.0	24704.0	22512.0	18453.0	18699.0	22316.0	25313.0	23914.0	20178.0	19140.0	22029.0	25471.0	25371.0	21800.0	20104.0	21963.0	25325.0	25753.0	23426.0	20764.0	21906.0	25095.0	26094.0	24889.0	21807.0	21824.0	24135.0	26198.0	25567.0	23107.0	22385.0	24110.0	26685.0	27026.0	25851.0	25535.0	31491.0	57385.0	346841.0	3013320.0
lane7-s583-index--AAGAGGCA-ACTCTAGG-SHI-Plate1-A1-3-NexteraFlex-Reduced_S583_L007_R1_001	11598.0	14986.0	16091.0	13700.0	11235.0	12281.0	15247.0	16722.0	15414.0	12714.0	12853.0	15350.0	17166.0	16635.0	13891.0	13229.0	15066.0	17482.0	17427.0	15094.0	13589.0	14931.0	17215.0	17887.0	16203.0	14395.0	14803.0	17050.0	18219.0	17159.0	15310.0	15132.0	16671.0	18341.0	17423.0	15982.0	15323.0	16858.0	18475.0	18732.0	18342.0	18384.0	22886.0	44761.0	271464.0	2431966.0
lane7-s584-index--CGTACTAG-ATTAGACG-SHI-Plate1-A1-4-NexteraFlex-Reduced_S584_L007_R1_001	8979.0	10992.0	11918.0	10065.0	8497.0	9298.0	11252.0	12371.0	11255.0	9536.0	9309.0	11061.0	12624.0	11997.0	10090.0	9555.0	11050.0	12459.0	12454.0	10798.0	9705.0	10766.0	12143.0	12530.0	11452.0	10156.0	10588.0	11799.0	12468.0	11640.0	10638.0	10361.0	11684.0	12501.0	12362.0	11011.0	10668.0	11661.0	12712.0	13188.0	12873.0	13267.0	17225.0	32816.0	176247.0	1331291.0
lane7-s585-index--AGGCAGAA-TCGCATAA-SHI-Plate1-A1-5-NexteraFlex-Reduced_S585_L007_R1_001	9912.0	13058.0	14491.0	12239.0	9855.0	10629.0	13792.0	15913.0	14321.0	11630.0	11581.0	14464.0	17077.0	16307.0	13261.0	12392.0	14580.0	17552.0	17693.0	14975.0	13233.0	14939.0	17598.0	18510.0	16394.0	14311.0	14758.0	17587.0	18868.0	17310.0	15065.0	15276.0	17465.0	19431.0	18678.0	16155.0	15706.0	17220.0	19635.0	20278.0	18894.0	19045.0	24282.0	48475.0	310230.0	2827247.0
lane7-s586-index--TAAGGCGA-CTAGTCGA-Mock-1-NexteraFlex-Reduced_S586_L007_R1_001	14881.0	17483.0	18066.0	15452.0	13431.0	15625.0	18226.0	19088.0	17032.0	14657.0	15742.0	18719.0	19766.0	18449.0	16017.0	15947.0	18606.0	19949.0	19254.0	16773.0	16240.0	18257.0	20071.0	19982.0	17441.0	16708.0	17946.0	19744.0	20077.0	18435.0	16961.0	17830.0	19726.0	20279.0	19059.0	17348.0	17625.0	19390.0	20857.0	20195.0	19462.0	20228.0	25423.0	49531.0	290341.0	2764545.0
lane7-s587-index--CGGAGCCT-ACTCTAGG-Mock-2-NexteraFlex-Reduced_S587_L007_R1_001	15241.0	18372.0	18794.0	16183.0	13985.0	16093.0	19196.0	20133.0	18019.0	15813.0	16579.0	19747.0	21044.0	19442.0	16705.0	17017.0	19773.0	21261.0	20659.0	18283.0	17435.0	19645.0	21771.0	21248.0	19082.0	17837.0	19205.0	21464.0	21770.0	20068.0	18661.0	19197.0	21356.0	22046.0	20827.0	19282.0	19561.0	21232.0	22565.0	22341.0	21986.0	23544.0	31306.0	64079.0	354920.0	3003391.0
lane7-s588-index--GCTCATGA-CTAGTCGA-Mock-3-NexteraFlex-Reduced_S588_L007_R1_001	11668.0	13769.0	14319.0	12188.0	10514.0	12218.0	14446.0	15024.0	13608.0	11699.0	12550.0	14597.0	15785.0	14525.0	12413.0	12717.0	14648.0	16010.0	15246.0	13365.0	13044.0	14364.0	15787.0	15852.0	13820.0	13157.0	14085.0	15619.0	16070.0	14516.0	13354.0	13865.0	15681.0	15929.0	14839.0	13956.0	13789.0	15231.0	16161.0	15838.0	15076.0	15783.0	19933.0	38792.0	230788.0	2187526.0
lane7-s589-index--CGAGGCTG-ATTAGACG-Mock-4-NexteraFlex-Reduced_S589_L007_R1_001	10899.0	12942.0	13452.0	11567.0	10306.0	11465.0	13831.0	14276.0	12742.0	11261.0	12063.0	13845.0	14865.0	13686.0	11982.0	11855.0	13749.0	15048.0	14246.0	12828.0	12186.0	13570.0	14975.0	14612.0	13420.0	12366.0	13474.0	14765.0	14970.0	13812.0	12749.0	13044.0	14566.0	15066.0	14126.0	13211.0	13358.0	14884.0	15768.0	15806.0	15784.0	17368.0	24328.0	49778.0	249392.0	1863442.0
lane7-s590-index--AAGAGGCA-TCGCATAA-Mock-5-NexteraFlex-Reduced_S590_L007_R1_001	13243.0	16154.0	16820.0	13964.0	11650.0	13807.0	17340.0	18041.0	15635.0	13061.0	14038.0	17172.0	18648.0	16867.0	14536.0	14683.0	17016.0	18817.0	18112.0	15712.0	14882.0	16788.0	19169.0	18867.0	16806.0	15204.0	16799.0	19061.0	19194.0	17209.0	15950.0	16579.0	18812.0	19400.0	18249.0	16447.0	16585.0	18693.0	19944.0	19595.0	18682.0	19419.0	24980.0	50051.0	305058.0	2946660.0
lane7-s591-index--ATTACTCG-AGGCTATA-YZ5-1-QIAseqFX_S591_L007_R1_001	1719.0	2110.0	2473.0	2798.0	3202.0	3740.0	4243.0	5145.0	5940.0	6772.0	7824.0	8483.0	9501.0	10318.0	11321.0	11990.0	12573.0	13389.0	14090.0	15077.0	15689.0	16612.0	17242.0	17990.0	18953.0	19600.0	20460.0	21542.0	22501.0	23245.0	24275.0	24971.0	25830.0	26344.0	27014.0	27713.0	27711.0	28158.0	28629.0	29894.0	31223.0	31939.0	37378.0	61420.0	244297.0	1760141.0
lane7-s592-index--ATTACTCG-GCCTCTAT-YZ5-2-QIAseqFX_S592_L007_R1_001	1931.0	2404.0	2871.0	3318.0	3639.0	4272.0	4946.0	5645.0	6364.0	7269.0	8272.0	8864.0	9843.0	10756.0	11515.0	12164.0	13123.0	13583.0	14378.0	15261.0	16088.0	17109.0	17385.0	18240.0	19494.0	19964.0	20368.0	21246.0	21889.0	22513.0	22888.0	23893.0	24292.0	25287.0	25468.0	26464.0	26313.0	26907.0	27394.0	28232.0	29766.0	30324.0	35582.0	60556.0	254398.0	1854827.0
lane7-s593-index--ATTACTCG-AGGATAGG-YZ5-3-QIAseqFX_S593_L007_R1_001	1184.0	1361.0	1722.0	1814.0	2189.0	2539.0	3047.0	3574.0	4331.0	4895.0	5608.0	6208.0	6929.0	7847.0	8598.0	9181.0	9750.0	10277.0	11263.0	12104.0	12831.0	13632.0	14379.0	15327.0	16058.0	16763.0	17497.0	18299.0	19339.0	20124.0	20779.0	21660.0	22605.0	23185.0	23855.0	24411.0	24690.0	24928.0	25623.0	26332.0	28211.0	28931.0	34011.0	56485.0	230476.0	1673754.0
lane7-s594-index--ATTACTCG-TCAGAGCC-YZ5-4-QIAseqFX_S594_L007_R1_001	783.0	977.0	1243.0	1300.0	1555.0	1811.0	2061.0	2660.0	3315.0	3900.0	4471.0	4941.0	5718.0	6361.0	7002.0	7587.0	8305.0	8713.0	9344.0	9909.0	10728.0	11534.0	12380.0	13232.0	13739.0	14600.0	15352.0	16719.0	17386.0	18435.0	19357.0	20751.0	21310.0	22027.0	23133.0	23866.0	23819.0	24386.0	24597.0	26134.0	27867.0	28747.0	34606.0	57974.0	242499.0	1758017.0
lane7-s595-index--ATTACTCG-CTTCGCCT-YZ5-5-QIAseqFX_S595_L007_R1_001	907.0	1089.0	1447.0	1374.0	1570.0	1749.0	2042.0	2293.0	2709.0	3061.0	3497.0	3753.0	4424.0	4706.0	5215.0	5676.0	5920.0	6356.0	6831.0	7468.0	7988.0	8679.0	9155.0	9574.0	10198.0	10621.0	11108.0	11801.0	12620.0	13110.0	13537.0	14081.0	14812.0	15373.0	15657.0	16091.0	16245.0	16749.0	17249.0	17836.0	18681.0	19602.0	23139.0	38475.0	163078.0	1201253.0
lane7-s596-index--ATTACTCG-TAAGATTA-ACR-134-1-QIAseqFX_S596_L007_R1_001	200.0	267.0	321.0	323.0	361.0	386.0	474.0	600.0	1001.0	1155.0	1341.0	1588.0	1858.0	2043.0	2226.0	2203.0	2341.0	2321.0	2545.0	2595.0	2978.0	3024.0	3354.0	3623.0	3843.0	4242.0	4465.0	5033.0	5572.0	6084.0	6350.0	7243.0	7772.0	8317.0	8690.0	8947.0	8925.0	9465.0	9777.0	10494.0	11916.0	13902.0	17039.0	27843.0	91724.0	555272.0
lane7-s597-index--ATTACTCG-ACGTCCTG-ACR-134-2-QIAseqFX_S597_L007_R1_001	156.0	196.0	234.0	263.0	275.0	324.0	420.0	478.0	676.0	858.0	982.0	1082.0	1351.0	1523.0	1660.0	1707.0	1740.0	1842.0	1997.0	2124.0	2350.0	2517.0	2774.0	2910.0	3158.0	3440.0	3689.0	4142.0	4422.0	4753.0	4991.0	5482.0	5961.0	6450.0	6718.0	7121.0	7213.0	7637.0	7999.0	8615.0	9839.0	11145.0	14501.0	23645.0	82314.0	511701.0
lane7-s598-index--ATTACTCG-GTCAGTAC-ACR-134-3-QIAseqFX_S598_L007_R1_001	123.0	166.0	165.0	145.0	169.0	204.0	203.0	521.0	883.0	1103.0	1234.0	1447.0	1811.0	1971.0	2059.0	1887.0	1762.0	1552.0	1679.0	1712.0	1818.0	2018.0	2132.0	2318.0	2607.0	2845.0	2952.0	3580.0	4074.0	4530.0	5221.0	5961.0	6577.0	7158.0	7211.0	7651.0	7279.0	7298.0	7349.0	7714.0	8629.0	9845.0	11498.0	16393.0	43132.0	225546.0
lane7-s599-index--TCCGGAGA-AGGCTATA-ACR-134-4-QIAseqFX_S599_L007_R1_001	245.0	380.0	582.0	346.0	391.0	449.0	512.0	1825.0	4269.0	5159.0	5820.0	6635.0	7101.0	7596.0	8047.0	6818.0	5939.0	5072.0	5109.0	5034.0	5461.0	5705.0	5942.0	6176.0	6608.0	7014.0	7464.0	8531.0	9185.0	10281.0	10749.0	11303.0	11829.0	11953.0	12017.0	11451.0	10486.0	9991.0	9925.0	10201.0	11097.0	12116.0	14700.0	21601.0	73004.0	502152.0
lane7-s600-index--TCCGGAGA-GCCTCTAT-ACR-134-5-QIAseqFX_S600_L007_R1_001	784.0	928.0	1101.0	1241.0	1319.0	1364.0	1524.0	1945.0	2999.0	3502.0	3671.0	4338.0	4667.0	5026.0	5256.0	5057.0	5030.0	4744.0	4750.0	5018.0	5501.0	5777.0	5829.0	6049.0	6456.0	6559.0	6943.0	7522.0	7815.0	8266.0	8640.0	9139.0	9223.0	9865.0	9844.0	10084.0	9993.0	9908.0	10251.0	10674.0	11709.0	13162.0	16219.0	26678.0	102061.0	759267.0
lane7-s601-index--TCCGGAGA-AGGATAGG-SHI-Plate1-A1-1-QIAseqFX_S601_L007_R1_001	726.0	863.0	1181.0	1246.0	1521.0	1805.0	2025.0	2781.0	3882.0	4745.0	5429.0	6053.0	6838.0	7523.0	8368.0	8434.0	8871.0	8971.0	10119.0	10802.0	11645.0	12189.0	13286.0	13898.0	15280.0	15771.0	16854.0	17829.0	18821.0	19655.0	20272.0	21186.0	22161.0	22850.0	23396.0	23562.0	23877.0	24079.0	24900.0	25444.0	26320.0	25989.0	31062.0	47901.0	221966.0	2113101.0
lane7-s602-index--TCCGGAGA-TCAGAGCC-SHI-Plate1-A1-2-QIAseqFX_S602_L007_R1_001	1386.0	1674.0	2014.0	2215.0	2687.0	3135.0	3707.0	5543.0	7929.0	9359.0	10305.0	11789.0	13055.0	13891.0	15229.0	15201.0	15944.0	16079.0	17464.0	18512.0	19979.0	21365.0	22646.0	23901.0	25546.0	26924.0	28713.0	30557.0	32002.0	33561.0	35704.0	37072.0	38414.0	39275.0	39985.0	40863.0	40129.0	41505.0	42029.0	42640.0	44909.0	44120.0	52693.0	83673.0	386167.0	3658381.0
lane7-s603-index--TCCGGAGA-CTTCGCCT-SHI-Plate1-A1-3-QIAseqFX_S603_L007_R1_001	1208.0	1786.0	2704.0	2200.0	2531.0	2957.0	3411.0	4296.0	5628.0	6466.0	7526.0	8455.0	9438.0	10246.0	11278.0	11873.0	12553.0	13232.0	14214.0	15032.0	16282.0	17060.0	18487.0	19391.0	20443.0	21775.0	22771.0	23705.0	25028.0	26157.0	27136.0	28255.0	28921.0	29981.0	30656.0	31051.0	31360.0	32069.0	32122.0	33019.0	35014.0	34063.0	39865.0	60847.0	273037.0	2555647.0
lane7-s604-index--TCCGGAGA-TAAGATTA-SHI-Plate1-A1-4-QIAseqFX_S604_L007_R1_001	342.0	419.0	564.0	601.0	643.0	797.0	955.0	1277.0	1710.0	2020.0	2271.0	2659.0	2917.0	3276.0	3652.0	3822.0	4185.0	4229.0	4535.0	4926.0	5486.0	5820.0	6085.0	6496.0	7093.0	7255.0	7848.0	8292.0	8801.0	9223.0	9573.0	10109.0	10411.0	10666.0	10899.0	11103.0	11169.0	11438.0	11612.0	12307.0	12401.0	12303.0	14532.0	22338.0	99797.0	952000.0
lane7-s605-index--TCCGGAGA-ACGTCCTG-SHI-Plate1-A1-5-QIAseqFX_S605_L007_R1_001	1471.0	1725.0	2050.0	2264.0	2661.0	2993.0	3431.0	4037.0	4713.0	5457.0	6169.0	7099.0	7677.0	8529.0	9349.0	9924.0	10769.0	11562.0	12496.0	13245.0	14515.0	15416.0	16359.0	17321.0	18420.0	19438.0	20430.0	21274.0	22428.0	23191.0	24149.0	25157.0	25928.0	26806.0	27626.0	27949.0	28513.0	29107.0	29971.0	30787.0	31843.0	30658.0	36275.0	55089.0	246478.0	2339240.0
lane7-s606-index--TCCGGAGA-GTCAGTAC-Mock-1-QIAseqFX_S606_L007_R1_001	517.0	753.0	895.0	910.0	1091.0	1253.0	1534.0	3086.0	5092.0	5899.0	6649.0	7673.0	8319.0	8933.0	9925.0	9335.0	9068.0	8828.0	9245.0	10052.0	10682.0	11630.0	12115.0	13335.0	14043.0	14893.0	15820.0	17567.0	18810.0	19745.0	20620.0	21998.0	22823.0	23292.0	23599.0	23961.0	23096.0	23095.0	23445.0	24238.0	25267.0	25467.0	29580.0	49258.0	225689.0	2306933.0
lane7-s607-index--CGCTCATT-AGGCTATA-Mock-2-QIAseqFX_S607_L007_R1_001	696.0	910.0	1133.0	1125.0	1353.0	1615.0	1926.0	2839.0	4466.0	5446.0	5983.0	6889.0	7617.0	8631.0	8911.0	8881.0	8753.0	8894.0	9355.0	9965.0	10795.0	11659.0	12303.0	13146.0	13905.0	14821.0	15645.0	17011.0	17900.0	19053.0	20358.0	21050.0	21971.0	22740.0	23207.0	23467.0	23086.0	23682.0	23863.0	24418.0	25790.0	25834.0	30233.0	50489.0	245321.0	2262589.0
lane7-s608-index--CGCTCATT-GCCTCTAT-Mock-3-rd2-QIAseqFX_S608_L007_R1_001	790.0	1109.0	1379.0	1361.0	1553.0	1826.0	2119.0	2868.0	4300.0	5318.0	5943.0	6486.0	7437.0	8368.0	8557.0	8566.0	8964.0	8716.0	9392.0	10119.0	10723.0	11237.0	11787.0	12439.0	13337.0	13960.0	14361.0	15607.0	16338.0	17231.0	18083.0	19177.0	19574.0	20203.0	20311.0	20554.0	20096.0	20044.0	20286.0	21027.0	21759.0	22007.0	25418.0	40523.0	193689.0	1789450.0
lane7-s609-index--CGCTCATT-AGGATAGG-Mock-4-rd2-QIAseqFX_S609_L007_R1_001	355.0	482.0	737.0	573.0	688.0	883.0	1068.0	1734.0	2775.0	3547.0	4069.0	4481.0	5242.0	5712.0	6274.0	6386.0	6443.0	6585.0	7087.0	7501.0	8226.0	8897.0	9671.0	10465.0	11199.0	11920.0	12674.0	13685.0	14757.0	15333.0	16155.0	17339.0	18010.0	18459.0	18794.0	19307.0	18957.0	19795.0	20183.0	21127.0	21950.0	22002.0	25927.0	43893.0	195516.0	2030928.0
lane7-s610-index--CGCTCATT-TCAGAGCC-Mock-5-QIAseqFX_S610_L007_R1_001	967.0	1191.0	1425.0	1537.0	1801.0	2073.0	2357.0	3315.0	4461.0	5203.0	5736.0	6351.0	7013.0	7638.0	8259.0	8391.0	8642.0	8509.0	9218.0	9952.0	10899.0	11432.0	11982.0	12875.0	13624.0	14285.0	15279.0	16223.0	17040.0	17623.0	18650.0	19552.0	20469.0	20441.0	20771.0	21194.0	21474.0	21581.0	22104.0	22753.0	23361.0	23390.0	27133.0	42722.0	200647.0	1836479.0
lane7-s611-index--TTGGAATG-ATAGAGAG-YZ5-1-plexWell96-1_S611_L007_R1_001	755.0	862.0	916.0	1006.0	1097.0	1137.0	1264.0	1321.0	1361.0	1421.0	1438.0	1477.0	1595.0	1656.0	1638.0	1686.0	1820.0	1841.0	1808.0	1949.0	1997.0	2020.0	2181.0	2148.0	2331.0	2224.0	2311.0	2352.0	2407.0	2504.0	2509.0	2624.0	2957.0	3512.0	2793.0	2944.0	2938.0	3259.0	4126.0	3690.0	3247.0	3538.0	4554.0	6856.0	28745.0	244558.0
lane7-s612-index--GGGACAAC-ATAGAGAG-YZ5-2-plexWell96-2_S612_L007_R1_001	1015.0	1110.0	1182.0	1351.0	1427.0	1511.0	1651.0	1656.0	1781.0	1820.0	1861.0	1931.0	2051.0	2030.0	2134.0	2190.0	2233.0	2342.0	2355.0	2532.0	2466.0	2533.0	2674.0	2743.0	2818.0	2849.0	2949.0	3048.0	3123.0	3068.0	3202.0	3445.0	3936.0	4450.0	3504.0	3582.0	3578.0	3978.0	5202.0	4532.0	4154.0	4501.0	5665.0	8615.0	35873.0	307466.0
lane7-s613-index--GCTGGATC-ATAGAGAG-YZ5-3-plexWell96-3_S613_L007_R1_001	1151.0	1387.0	1405.0	1557.0	1663.0	1709.0	1866.0	1963.0	1957.0	2113.0	2125.0	2222.0	2299.0	2308.0	2502.0	2425.0	2585.0	2669.0	2857.0	2866.0	2774.0	2964.0	3111.0	3126.0	3134.0	3220.0	3332.0	3388.0	3469.0	3547.0	3771.0	3937.0	4332.0	5570.0	4133.0	4235.0	4159.0	4628.0	6180.0	5218.0	4805.0	5148.0	6713.0	10186.0	43602.0	377514.0
lane7-s614-index--ACACTCAA-ATAGAGAG-YZ5-4-plexWell96-4_S614_L007_R1_001	656.0	710.0	823.0	829.0	875.0	976.0	1021.0	1024.0	1109.0	1139.0	1175.0	1212.0	1236.0	1299.0	1334.0	1459.0	1397.0	1387.0	1581.0	1492.0	1544.0	1512.0	1561.0	1691.0	1769.0	1802.0	1844.0	1790.0	1867.0	1893.0	1978.0	2023.0	2400.0	2519.0	2115.0	2238.0	2233.0	2470.0	3108.0	2777.0	2442.0	2550.0	3353.0	5059.0	21583.0	182406.0
lane7-s615-index--ACTAGCTA-ATAGAGAG-YZ5-5-plexWell96-5_S615_L007_R1_001	1266.0	1312.0	1356.0	1594.0	1652.0	1679.0	1781.0	1890.0	1967.0	2016.0	2143.0	2103.0	2257.0	2309.0	2307.0	2399.0	2417.0	2591.0	2548.0	2571.0	2638.0	2802.0	2819.0	2956.0	3069.0	2974.0	3092.0	3212.0	3306.0	3295.0	3403.0	3556.0	3784.0	4079.0	3747.0	3799.0	3887.0	4009.0	4452.0	4347.0	4232.0	4508.0	5357.0	8814.0	41204.0	350562.0
lane7-s616-index--GATGATTG-ATAGAGAG-ACR-134-1-plexWell96-6_S616_L007_R1_001	314.0	343.0	384.0	411.0	482.0	501.0	577.0	666.0	760.0	805.0	809.0	792.0	873.0	956.0	958.0	996.0	1027.0	1036.0	1126.0	1128.0	1172.0	1199.0	1223.0	1292.0	1336.0	1464.0	1498.0	1530.0	1579.0	1516.0	1628.0	1568.0	1814.0	2223.0	1705.0	1762.0	1890.0	2171.0	2844.0	2369.0	2228.0	2578.0	3514.0	5355.0	18966.0	150517.0
lane7-s617-index--GCAATCTT-ATAGAGAG-ACR-134-2-plexWell96-7_S617_L007_R1_001	265.0	332.0	374.0	415.0	460.0	489.0	511.0	565.0	610.0	657.0	644.0	747.0	787.0	800.0	770.0	739.0	915.0	907.0	897.0	965.0	990.0	1055.0	1064.0	1152.0	1143.0	1253.0	1194.0	1271.0	1314.0	1356.0	1320.0	1306.0	1523.0	1844.0	1451.0	1413.0	1598.0	1803.0	2441.0	2127.0	2015.0	2455.0	3223.0	4803.0	18925.0	151316.0
lane7-s618-index--AGAGTGTC-ATAGAGAG-ACR-134-3-plexWell96-8_S618_L007_R1_001	80.0	101.0	102.0	118.0	130.0	144.0	154.0	175.0	147.0	171.0	224.0	230.0	243.0	206.0	262.0	243.0	310.0	288.0	304.0	342.0	377.0	316.0	353.0	349.0	390.0	381.0	386.0	424.0	430.0	425.0	452.0	453.0	495.0	561.0	456.0	510.0	547.0	575.0	648.0	619.0	648.0	737.0	856.0	1374.0	5483.0	44343.0
lane7-s619-index--TTAATGCG-ATAGAGAG-ACR-134-4-plexWell96-9_S619_L007_R1_001	187.0	219.0	252.0	283.0	338.0	330.0	364.0	474.0	480.0	487.0	564.0	537.0	625.0	655.0	633.0	689.0	703.0	739.0	744.0	744.0	797.0	795.0	896.0	925.0	917.0	1009.0	1002.0	1037.0	1104.0	1027.0	1089.0	1115.0	1310.0	1522.0	1207.0	1236.0	1241.0	1539.0	1827.0	1607.0	1558.0	1816.0	2658.0	3576.0	12527.0	83349.0
lane7-s620-index--TCCTATAT-ATAGAGAG-ACR-134-5-plexWell96-10_S620_L007_R1_001	351.0	423.0	455.0	574.0	583.0	591.0	687.0	771.0	786.0	814.0	840.0	905.0	1005.0	1018.0	1067.0	1079.0	1164.0	1122.0	1228.0	1196.0	1215.0	1307.0	1374.0	1465.0	1470.0	1476.0	1615.0	1645.0	1688.0	1666.0	1749.0	1783.0	1964.0	2117.0	1927.0	1975.0	2078.0	2241.0	2615.0	2641.0	2853.0	3263.0	4125.0	6961.0	26815.0	210546.0
lane7-s621-index--CCATATCC-ATAGAGAG-SHI-Plate1-A1-1-plexWell96-11_S621_L007_R1_001	2086.0	2114.0	2171.0	2338.0	2268.0	2374.0	2465.0	2596.0	2527.0	2561.0	2660.0	2611.0	2742.0	2824.0	2890.0	2953.0	3091.0	3091.0	3131.0	3303.0	3387.0	3557.0	3466.0	3740.0	3780.0	3740.0	3913.0	4075.0	4135.0	4159.0	4400.0	4814.0	5425.0	6384.0	4987.0	5264.0	5297.0	6020.0	8213.0	6962.0	6038.0	6687.0	8766.0	13399.0	78801.0	720609.0
lane7-s622-index--AGCCGACG-ATAGAGAG-SHI-Plate1-A1-2-plexWell96-12_S622_L007_R1_001	581.0	729.0	701.0	718.0	728.0	735.0	848.0	871.0	916.0	922.0	945.0	1028.0	1083.0	1100.0	1131.0	1120.0	1178.0	1261.0	1335.0	1375.0	1342.0	1371.0	1391.0	1492.0	1563.0	1580.0	1523.0	1550.0	1675.0	1821.0	1874.0	1798.0	1950.0	2196.0	2206.0	2164.0	2120.0	2245.0	2799.0	2649.0	2500.0	2585.0	3110.0	5021.0	27403.0	239668.0
lane7-s623-index--CGAATTCA-ATAGAGAG-SHI-Plate1-A1-3-plexWell96-13_S623_L007_R1_001	1116.0	1163.0	1155.0	1216.0	1221.0	1230.0	1340.0	1356.0	1400.0	1512.0	1478.0	1479.0	1650.0	1606.0	1637.0	1674.0	1724.0	1778.0	1802.0	1839.0	1890.0	1879.0	2034.0	2094.0	2135.0	2271.0	2248.0	2323.0	2443.0	2424.0	2592.0	2690.0	3194.0	3690.0	2956.0	2986.0	3145.0	3610.0	4730.0	4065.0	3797.0	4053.0	5588.0	9154.0	51959.0	433427.0
lane7-s624-index--GTCAGACC-ATAGAGAG-SHI-Plate1-A1-4-plexWell96-14_S624_L007_R1_001	1452.0	1494.0	1610.0	1673.0	1707.0	1727.0	1758.0	1829.0	1853.0	2011.0	2027.0	2034.0	2056.0	2216.0	2263.0	2414.0	2440.0	2440.0	2596.0	2649.0	2678.0	2767.0	2922.0	3036.0	3044.0	3166.0	3260.0	3272.0	3363.0	3549.0	3794.0	4356.0	4823.0	6054.0	4196.0	4461.0	4464.0	5551.0	8133.0	6387.0	5196.0	6157.0	8758.0	14051.0	70430.0	584779.0
lane7-s625-index--CATTGCCT-ATAGAGAG-SHI-Plate1-A1-5-plexWell96-15_S625_L007_R1_001	1298.0	1223.0	1273.0	1366.0	1356.0	1388.0	1363.0	1422.0	1459.0	1551.0	1528.0	1542.0	1658.0	1693.0	1742.0	1761.0	1801.0	1808.0	1774.0	1884.0	1982.0	1993.0	2076.0	2155.0	2186.0	2310.0	2327.0	2317.0	2384.0	2432.0	2550.0	2636.0	2615.0	2776.0	2940.0	2878.0	2930.0	3093.0	3266.0	3273.0	3640.0	3732.0	4678.0	8707.0	53049.0	473103.0
lane7-s626-index--TAACCGCA-ATAGAGAG-Mock-1-plexWell96-16_S626_L007_R1_001	1143.0	1283.0	1371.0	1483.0	1492.0	1564.0	1649.0	1783.0	1866.0	1949.0	2034.0	2047.0	2111.0	2187.0	2378.0	2387.0	2528.0	2499.0	2640.0	2658.0	2857.0	2872.0	3050.0	3049.0	3193.0	3297.0	3304.0	3463.0	3482.0	3630.0	3830.0	4065.0	4729.0	5210.0	4170.0	4218.0	4452.0	4906.0	7244.0	5972.0	5084.0	5415.0	7359.0	11233.0	52480.0	482686.0
lane7-s627-index--GCGCGAAG-ATAGAGAG-Mock-2-plexWell96-17_S627_L007_R1_001	480.0	537.0	605.0	602.0	687.0	719.0	789.0	870.0	898.0	984.0	964.0	1030.0	1098.0	1126.0	1150.0	1184.0	1272.0	1260.0	1338.0	1389.0	1423.0	1437.0	1507.0	1590.0	1600.0	1653.0	1755.0	1780.0	1874.0	1724.0	1933.0	2034.0	2126.0	2364.0	2019.0	2395.0	2363.0	2529.0	3487.0	2797.0	2318.0	2668.0	3610.0	5273.0	24181.0	222481.0
lane7-s628-index--AACACGTG-ATAGAGAG-Mock-3-plexWell96-18_S628_L007_R1_001	1298.0	1516.0	1655.0	1813.0	1898.0	2022.0	2202.0	2407.0	2525.0	2590.0	2591.0	2693.0	2895.0	3099.0	3273.0	3199.0	3394.0	3506.0	3784.0	3812.0	3925.0	4006.0	4124.0	4278.0	4462.0	4562.0	4665.0	4869.0	4951.0	5057.0	5148.0	5555.0	6644.0	8321.0	5918.0	6128.0	6392.0	6970.0	10694.0	8628.0	7171.0	7573.0	10464.0	15063.0	67103.0	609078.0
lane7-s629-index--GTAGTCAC-ATAGAGAG-Mock-4-plexWell96-19_S629_L007_R1_001	1000.0	1125.0	1217.0	1340.0	1554.0	1587.0	1697.0	1891.0	1888.0	2100.0	2051.0	2285.0	2339.0	2497.0	2579.0	2606.0	2673.0	2834.0	2930.0	3053.0	3109.0	3276.0	3298.0	3483.0	3621.0	3632.0	3781.0	3838.0	4055.0	4127.0	4344.0	4894.0	6234.0	9782.0	4690.0	4879.0	5151.0	6433.0	10577.0	7936.0	5695.0	6272.0	8946.0	13816.0	52262.0	469239.0
lane7-s630-index--GAGTTCTC-ATAGAGAG-Mock-5-plexWell96-20_S630_L007_R1_001	2222.0	2577.0	2695.0	3001.0	3088.0	3178.0	3443.0	3748.0	3871.0	4122.0	4207.0	4453.0	4518.0	4808.0	5017.0	5031.0	5259.0	5504.0	5670.0	5935.0	5893.0	6238.0	6376.0	6610.0	6867.0	7094.0	7261.0	7423.0	7697.0	7976.0	8332.0	8991.0	10450.0	12939.0	9280.0	9298.0	9883.0	10792.0	14650.0	12685.0	11260.0	12084.0	15450.0	24002.0	141047.0	1325821.0
lane7-s631-index--GTGAGGAA-ATAGAGAG-YZ5-1-plexWell96-21_S631_L007_R1_001	868.0	1017.0	1100.0	1123.0	1244.0	1223.0	1392.0	1541.0	1576.0	1648.0	1616.0	1731.0	1687.0	1901.0	1926.0	1939.0	1913.0	2114.0	2130.0	2150.0	2178.0	2259.0	2384.0	2502.0	2460.0	2571.0	2579.0	2671.0	2886.0	2724.0	2796.0	2972.0	3313.0	3607.0	3019.0	3186.0	3174.0	3702.0	4526.0	3998.0	3677.0	3845.0	4684.0	6738.0	31636.0	270613.0
lane7-s632-index--GATTCGTA-ATAGAGAG-YZ5-2-plexWell96-22_S632_L007_R1_001	1045.0	1220.0	1151.0	1353.0	1401.0	1457.0	1677.0	1799.0	1833.0	1880.0	1904.0	1951.0	2022.0	2176.0	2196.0	2296.0	2264.0	2336.0	2426.0	2438.0	2488.0	2590.0	2720.0	2867.0	2774.0	2934.0	2989.0	3072.0	3117.0	3164.0	3434.0	3322.0	3719.0	4236.0	3547.0	3795.0	3814.0	4179.0	5333.0	4664.0	4267.0	4404.0	5842.0	8971.0	38226.0	328553.0
lane7-s633-index--GATGCAAT-ATAGAGAG-YZ5-3-plexWell96-23_S633_L007_R1_001	1262.0	1417.0	1466.0	1742.0	1771.0	1911.0	1938.0	2173.0	2242.0	2317.0	2371.0	2502.0	2513.0	2728.0	2748.0	2921.0	2959.0	2999.0	3076.0	3218.0	3146.0	3265.0	3364.0	3665.0	3663.0	3600.0	3772.0	3903.0	3861.0	3935.0	4140.0	4297.0	4812.0	5730.0	4434.0	4731.0	4750.0	5506.0	7028.0	5760.0	5139.0	5603.0	7382.0	11425.0	47317.0	402307.0
lane7-s634-index--ACACGGTT-ATAGAGAG-YZ5-4-plexWell96-24_S634_L007_R1_001	1165.0	1296.0	1407.0	1523.0	1594.0	1697.0	1859.0	1904.0	1886.0	2007.0	2063.0	2113.0	2297.0	2248.0	2333.0	2483.0	2541.0	2578.0	2648.0	2804.0	2725.0	2784.0	2888.0	3082.0	3210.0	3200.0	3214.0	3340.0	3431.0	3583.0	3802.0	3952.0	4642.0	5767.0	4056.0	4150.0	4307.0	4759.0	6481.0	5503.0	4831.0	5128.0	6752.0	10404.0	42355.0	360728.0
lane7-s635-index--GAGGCTGC-ATAGAGAG-YZ5-5-plexWell96-25_S635_L007_R1_001	2135.0	2259.0	2436.0	2677.0	2865.0	2942.0	3073.0	3160.0	3359.0	3558.0	3577.0	3737.0	3859.0	4159.0	4049.0	4255.0	4232.0	4376.0	4576.0	4658.0	4793.0	4935.0	4954.0	5044.0	5257.0	5441.0	5385.0	5654.0	5798.0	5842.0	6019.0	6222.0	6498.0	7140.0	6517.0	6717.0	6755.0	7122.0	7792.0	7700.0	7612.0	7957.0	9161.0	15179.0	69967.0	591276.0
lane7-s636-index--ACAGTTCG-ATAGAGAG-ACR-134-1-plexWell96-26_S636_L007_R1_001	226.0	265.0	345.0	348.0	410.0	455.0	460.0	564.0	634.0	642.0	641.0	739.0	742.0	733.0	825.0	838.0	875.0	888.0	972.0	909.0	915.0	1043.0	1046.0	1111.0	1133.0	1057.0	1187.0	1193.0	1278.0	1323.0	1350.0	1356.0	1547.0	1768.0	1534.0	1504.0	1664.0	1806.0	2352.0	2143.0	2054.0	2504.0	3379.0	5475.0	19607.0	132792.0
lane7-s637-index--CGGAGATA-ATAGAGAG-ACR-134-2-plexWell96-27_S637_L007_R1_001	254.0	271.0	318.0	391.0	434.0	452.0	524.0	576.0	628.0	650.0	716.0	738.0	845.0	820.0	806.0	900.0	907.0	963.0	961.0	1006.0	1027.0	1063.0	1156.0	1133.0	1216.0	1182.0	1249.0	1324.0	1371.0	1376.0	1361.0	1442.0	1652.0	1764.0	1673.0	2150.0	5888.0	2521.0	2132.0	1802.0	1816.0	2120.0	3020.0	5136.0	17651.0	117008.0
lane7-s638-index--TCGCCAGC-ATAGAGAG-ACR-134-3-plexWell96-28_S638_L007_R1_001	340.0	416.0	427.0	509.0	587.0	583.0	673.0	768.0	857.0	851.0	916.0	948.0	1017.0	1027.0	1099.0	1055.0	1213.0	1202.0	1217.0	1278.0	1231.0	1354.0	1441.0	1459.0	1492.0	1548.0	1561.0	1643.0	1741.0	1649.0	1771.0	1766.0	2083.0	2229.0	2013.0	1959.0	1966.0	2308.0	2992.0	2589.0	2576.0	2983.0	3951.0	5954.0	21685.0	171827.0
lane7-s639-index--TGCACTGT-ATAGAGAG-ACR-134-4-plexWell96-29_S639_L007_R1_001	174.0	206.0	247.0	290.0	295.0	309.0	388.0	378.0	465.0	442.0	484.0	494.0	590.0	573.0	568.0	527.0	633.0	619.0	693.0	693.0	691.0	733.0	791.0	815.0	828.0	869.0	837.0	899.0	964.0	918.0	963.0	988.0	1100.0	1201.0	1026.0	1012.0	1107.0	1302.0	1565.0	1335.0	1335.0	1581.0	1997.0	2945.0	10545.0	82571.0
lane7-s640-index--GTACGCGA-ATAGAGAG-ACR-134-5-plexWell96-30_S640_L007_R1_001	497.0	553.0	635.0	788.0	865.0	855.0	971.0	1030.0	1128.0	1163.0	1179.0	1258.0	1297.0	1341.0	1415.0	1361.0	1478.0	1539.0	1690.0	1677.0	1784.0	1800.0	1781.0	1836.0	1958.0	1962.0	1999.0	2132.0	2191.0	2285.0	2276.0	2250.0	2452.0	2752.0	2668.0	2699.0	2743.0	2991.0	3549.0	3551.0	3693.0	4279.0	5485.0	8966.0	36087.0	289684.0
lane7-s641-index--CTATCCGG-ATAGAGAG-SHI-Plate1-A1-1-plexWell96-31_S641_L007_R1_001	2091.0	2285.0	2244.0	2358.0	2556.0	2486.0	2688.0	2726.0	2895.0	2895.0	3097.0	3067.0	3155.0	3341.0	3352.0	3477.0	3621.0	3807.0	3869.0	4075.0	3989.0	4145.0	4314.0	4473.0	4627.0	4695.0	4761.0	5088.0	5024.0	5258.0	5585.0	6041.0	7144.0	9568.0	6284.0	6473.0	6689.0	7839.0	11921.0	9698.0	7769.0	8814.0	12021.0	19361.0	101455.0	908052.0
lane7-s642-index--CTTAGAGT-ATAGAGAG-SHI-Plate1-A1-2-plexWell96-32_S642_L007_R1_001	1851.0	2017.0	2075.0	2124.0	2167.0	2224.0	2346.0	2463.0	2571.0	2515.0	2630.0	2629.0	2848.0	2917.0	2865.0	3070.0	3218.0	3241.0	3204.0	3359.0	3450.0	3549.0	3750.0	3827.0	3989.0	4077.0	4150.0	4294.0	4430.0	4581.0	4779.0	5315.0	6254.0	7814.0	5432.0	5736.0	5819.0	6831.0	10120.0	8123.0	6781.0	7535.0	10459.0	17078.0	92397.0	836564.0
lane7-s643-index--CAAGGACC-ATAGAGAG-SHI-Plate1-A1-3-plexWell96-33_S643_L007_R1_001	2807.0	2843.0	2962.0	3070.0	3080.0	3161.0	3347.0	3286.0	3440.0	3530.0	3721.0	3744.0	3850.0	3923.0	4030.0	4086.0	4189.0	4305.0	4459.0	4515.0	4745.0	4788.0	5000.0	5111.0	5153.0	5391.0	5476.0	5584.0	5742.0	5776.0	6141.0	6640.0	7656.0	8824.0	6706.0	7019.0	7263.0	8556.0	11921.0	9736.0	8346.0	9077.0	12424.0	19130.0	100053.0	914325.0
lane7-s644-index--AGACAGAG-ATAGAGAG-SHI-Plate1-A1-4-plexWell96-34_S644_L007_R1_001	180.0	164.0	219.0	239.0	214.0	221.0	236.0	266.0	250.0	301.0	317.0	298.0	315.0	348.0	359.0	347.0	355.0	379.0	402.0	391.0	419.0	401.0	461.0	408.0	486.0	470.0	466.0	503.0	482.0	545.0	546.0	589.0	572.0	672.0	574.0	614.0	581.0	700.0	776.0	687.0	640.0	650.0	772.0	1060.0	5064.0	42277.0
lane7-s645-index--TCGGATCA-ATAGAGAG-SHI-Plate1-A1-5-plexWell96-35_S645_L007_R1_001	550.0	597.0	645.0	695.0	698.0	700.0	740.0	721.0	732.0	807.0	813.0	744.0	850.0	893.0	913.0	905.0	955.0	961.0	1040.0	1010.0	969.0	1116.0	1108.0	1113.0	1188.0	1189.0	1201.0	1183.0	1281.0	1301.0	1357.0	1456.0	1415.0	1481.0	1492.0	1673.0	1627.0	1693.0	1876.0	1805.0	1942.0	2126.0	2719.0	4823.0	27108.0	241023.0
lane7-s646-index--TAATGGAC-ATAGAGAG-Mock-1-plexWell96-36_S646_L007_R1_001	888.0	982.0	1045.0	1134.0	1183.0	1347.0	1318.0	1442.0	1541.0	1613.0	1714.0	1815.0	1831.0	1971.0	1939.0	1964.0	2123.0	2253.0	2399.0	2426.0	2333.0	2575.0	2590.0	2706.0	2694.0	2961.0	2918.0	3014.0	3183.0	3190.0	3347.0	3555.0	4015.0	4898.0	3805.0	3854.0	3851.0	4496.0	6401.0	5252.0	4336.0	4735.0	6388.0	9821.0	45223.0	410358.0
lane7-s647-index--TAGCAACT-ATAGAGAG-Mock-2-plexWell96-37_S647_L007_R1_001	1030.0	1077.0	1149.0	1363.0	1336.0	1447.0	1487.0	1576.0	1768.0	1849.0	1866.0	1984.0	2074.0	2095.0	2153.0	2203.0	2361.0	2334.0	2554.0	2463.0	2602.0	2774.0	2864.0	2947.0	3053.0	3122.0	3100.0	3226.0	3338.0	3416.0	3750.0	3894.0	4672.0	5627.0	4006.0	4337.0	4455.0	5044.0	7685.0	6078.0	5001.0	5497.0	7708.0	11990.0	54919.0	487670.0
lane7-s648-index--ATAGCACA-ATAGAGAG-Mock-3-plexWell96-38_S648_L007_R1_001	759.0	843.0	885.0	998.0	958.0	1094.0	1147.0	1238.0	1315.0	1351.0	1414.0	1435.0	1488.0	1589.0	1654.0	1674.0	1687.0	1715.0	1865.0	1885.0	1949.0	1980.0	2067.0	2194.0	2148.0	2257.0	2385.0	2271.0	2495.0	2479.0	2782.0	2794.0	3172.0	3524.0	2866.0	3178.0	3116.0	3492.0	4772.0	4050.0	3576.0	3891.0	5108.0	7702.0	39000.0	357077.0
lane7-s649-index--ATCAACCG-ATAGAGAG-Mock-4-plexWell96-39_S649_L007_R1_001	775.0	923.0	955.0	976.0	1093.0	1181.0	1287.0	1370.0	1381.0	1489.0	1512.0	1634.0	1742.0	1713.0	1814.0	1900.0	1890.0	1985.0	2044.0	2140.0	2205.0	2223.0	2293.0	2380.0	2586.0	2498.0	2621.0	2557.0	2723.0	2788.0	3005.0	3053.0	3424.0	4096.0	3116.0	3236.0	3300.0	3768.0	5642.0	4508.0	3669.0	4050.0	5936.0	7973.0	31753.0	261122.0
lane7-s650-index--TTCCTCAT-ATAGAGAG-Mock-5-plexWell96-40_S650_L007_R1_001	2316.0	2389.0	2693.0	2852.0	3057.0	3271.0	3380.0	3581.0	3792.0	4062.0	4151.0	4149.0	4381.0	4667.0	4690.0	4988.0	4827.0	5124.0	5361.0	5557.0	5630.0	5864.0	5888.0	6167.0	6445.0	6763.0	6765.0	6934.0	6968.0	7225.0	7501.0	7926.0	9095.0	9414.0	8418.0	8615.0	9163.0	9772.0	12506.0	10988.0	10302.0	10962.0	14463.0	22839.0	130945.0	1198357.0
lane7-s651-index--AGCTACGT-ATAGAGAG-YZ5-1-plexWell96-41_S651_L007_R1_001	586.0	630.0	738.0	849.0	852.0	936.0	978.0	1049.0	1071.0	1178.0	1211.0	1274.0	1279.0	1462.0	1372.0	1424.0	1533.0	1516.0	1631.0	1697.0	1760.0	1829.0	1834.0	1919.0	1944.0	2058.0	2094.0	2043.0	2153.0	2336.0	2352.0	2388.0	2800.0	3752.0	2579.0	2628.0	2740.0	2906.0	3519.0	3314.0	3071.0	3182.0	4003.0	6440.0	26273.0	212409.0
lane7-s652-index--ATTCCATC-ATAGAGAG-YZ5-2-plexWell96-42_S652_L007_R1_001	915.0	1018.0	1016.0	1167.0	1241.0	1302.0	1244.0	1412.0	1527.0	1563.0	1626.0	1562.0	1741.0	1739.0	1714.0	1809.0	1850.0	1843.0	2015.0	1983.0	2067.0	2105.0	2255.0	2233.0	2245.0	2454.0	2493.0	2542.0	2583.0	2676.0	2655.0	2738.0	3159.0	3614.0	2930.0	2962.0	3061.0	3334.0	4111.0	3771.0	3425.0	3613.0	4574.0	6861.0	32282.0	277603.0
lane7-s653-index--GTTGTAGG-ATAGAGAG-YZ5-3-plexWell96-43_S653_L007_R1_001	838.0	860.0	992.0	1036.0	1133.0	1202.0	1338.0	1384.0	1536.0	1563.0	1669.0	1698.0	1759.0	1890.0	1926.0	1999.0	1934.0	2072.0	2085.0	2312.0	2343.0	2383.0	2438.0	2541.0	2639.0	2587.0	2659.0	2763.0	2840.0	2856.0	3028.0	3135.0	3476.0	3807.0	3238.0	3290.0	3493.0	4278.0	4814.0	4039.0	3658.0	3930.0	4953.0	7406.0	31239.0	264876.0
lane7-s654-index--TGTGACTA-ATAGAGAG-YZ5-4-plexWell96-44_S654_L007_R1_001	851.0	970.0	1008.0	1155.0	1247.0	1281.0	1308.0	1554.0	1530.0	1656.0	1709.0	1773.0	1814.0	1880.0	1824.0	1971.0	1986.0	2169.0	2170.0	2249.0	2215.0	2374.0	2355.0	2501.0	2482.0	2556.0	2618.0	2700.0	2788.0	2729.0	2994.0	3128.0	3469.0	4321.0	3209.0	3225.0	3280.0	3685.0	5246.0	4166.0	3785.0	4040.0	5333.0	8078.0	31896.0	272643.0
lane7-s655-index--CGAAACGC-ATAGAGAG-YZ5-5-plexWell96-45_S655_L007_R1_001	1441.0	1618.0	1748.0	1914.0	1947.0	2045.0	2165.0	2243.0	2344.0	2412.0	2539.0	2601.0	2524.0	2827.0	2750.0	2848.0	2982.0	3043.0	3063.0	3230.0	3295.0	3315.0	3368.0	3510.0	3659.0	3575.0	3716.0	3818.0	3893.0	4036.0	4197.0	4215.0	4508.0	4718.0	4483.0	4573.0	4667.0	4816.0	5373.0	5209.0	5291.0	5515.0	6701.0	11276.0	50885.0	414421.0
lane7-s656-index--GTGTGATT-ATAGAGAG-ACR-134-1-plexWell96-46_S656_L007_R1_001	313.0	390.0	406.0	523.0	555.0	528.0	626.0	750.0	818.0	788.0	876.0	907.0	964.0	1030.0	1007.0	1051.0	1144.0	1157.0	1169.0	1288.0	1222.0	1317.0	1381.0	1438.0	1448.0	1494.0	1590.0	1704.0	1746.0	1659.0	1622.0	1758.0	1992.0	2261.0	1886.0	1853.0	2081.0	2421.0	3367.0	2892.0	2548.0	3126.0	3946.0	6175.0	22484.0	180550.0
lane7-s657-index--AGGCTGGA-ATAGAGAG-ACR-134-2-plexWell96-47_S657_L007_R1_001	76.0	81.0	106.0	117.0	135.0	143.0	159.0	146.0	198.0	181.0	201.0	212.0	222.0	249.0	273.0	252.0	270.0	274.0	301.0	314.0	309.0	301.0	340.0	329.0	345.0	384.0	367.0	385.0	407.0	406.0	401.0	425.0	503.0	482.0	456.0	442.0	536.0	560.0	598.0	576.0	602.0	683.0	811.0	1225.0	4747.0	36613.0
lane7-s658-index--CGTGCTGG-ATAGAGAG-ACR-134-3-plexWell96-48_S658_L007_R1_001	328.0	437.0	481.0	574.0	607.0	660.0	730.0	780.0	864.0	864.0	983.0	1000.0	1059.0	1118.0	1140.0	1112.0	1179.0	1196.0	1334.0	1381.0	1351.0	1402.0	1510.0	1533.0	1631.0	1541.0	1658.0	1690.0	1892.0	1823.0	1964.0	2000.0	2267.0	2925.0	2144.0	2152.0	2257.0	2488.0	3564.0	3053.0	2803.0	3260.0	4521.0	6839.0	25430.0	197412.0
lane7-s659-index--AATAGGAT-ATAGAGAG-ACR-134-4-plexWell96-49_S659_L007_R1_001	190.0	237.0	303.0	334.0	394.0	426.0	460.0	560.0	537.0	576.0	629.0	660.0	673.0	695.0	739.0	739.0	815.0	814.0	857.0	922.0	879.0	858.0	956.0	961.0	1020.0	1032.0	1061.0	1112.0	1180.0	1121.0	1213.0	1300.0	1450.0	1914.0	1227.0	1307.0	1399.0	1504.0	2277.0	1936.0	1651.0	1919.0	2695.0	3944.0	14096.0	110086.0
lane7-s660-index--CGTCTGCC-ATAGAGAG-ACR-134-5-plexWell96-50_S660_L007_R1_001	365.0	448.0	550.0	585.0	650.0	658.0	712.0	770.0	895.0	914.0	946.0	936.0	1067.0	1171.0	1170.0	1120.0	1226.0	1204.0	1257.0	1309.0	1293.0	1353.0	1414.0	1471.0	1523.0	1582.0	1596.0	1663.0	1723.0	1648.0	1716.0	1871.0	1983.0	2151.0	1948.0	2074.0	2077.0	2346.0	2768.0	2692.0	2891.0	3427.0	4097.0	6935.0	27006.0	210977.0
lane7-s661-index--GAATCTAG-ATAGAGAG-SHI-Plate1-A1-1-plexWell96-51_S661_L007_R1_001	1497.0	1554.0	1599.0	1716.0	1760.0	1777.0	1833.0	1964.0	2028.0	2060.0	2159.0	2185.0	2192.0	2330.0	2404.0	2392.0	2451.0	2518.0	2660.0	2670.0	2790.0	2933.0	2991.0	3085.0	3280.0	3270.0	3378.0	3515.0	3545.0	3645.0	3871.0	4235.0	4956.0	6059.0	4470.0	4682.0	4982.0	6084.0	8764.0	6878.0	5518.0	6142.0	8937.0	13645.0	69822.0	621007.0
lane7-s662-index--ATGCGTCA-ATAGAGAG-SHI-Plate1-A1-2-plexWell96-52_S662_L007_R1_001	1370.0	1351.0	1454.0	1529.0	1621.0	1615.0	1665.0	1669.0	1760.0	1801.0	1881.0	1851.0	1920.0	1945.0	2114.0	2076.0	2180.0	2377.0	2281.0	2446.0	2513.0	2571.0	2632.0	2735.0	2811.0	2822.0	2866.0	2920.0	3032.0	3247.0	3301.0	3536.0	3943.0	4923.0	3830.0	3941.0	3986.0	4498.0	6091.0	5213.0	4555.0	4972.0	6811.0	10431.0	63358.0	568604.0
lane7-s663-index--GCAAGTAC-ATAGAGAG-SHI-Plate1-A1-3-plexWell96-53_S663_L007_R1_001	1887.0	1938.0	1939.0	2073.0	2210.0	2161.0	2291.0	2253.0	2458.0	2399.0	2558.0	2628.0	2722.0	2719.0	2841.0	2894.0	2867.0	3031.0	3134.0	3286.0	3445.0	3467.0	3564.0	3714.0	3775.0	3832.0	4009.0	4126.0	4255.0	4546.0	4635.0	5207.0	6057.0	7783.0	5255.0	5345.0	5585.0	6574.0	9827.0	7879.0	6583.0	7276.0	10023.0	16024.0	86521.0	782154.0
lane7-s664-index--ACTGACCT-ATAGAGAG-SHI-Plate1-A1-4-plexWell96-54_S664_L007_R1_001	1104.0	1146.0	1195.0	1261.0	1267.0	1302.0	1351.0	1335.0	1363.0	1393.0	1523.0	1545.0	1613.0	1573.0	1669.0	1756.0	1735.0	1808.0	1939.0	1902.0	1957.0	2010.0	2066.0	2093.0	2363.0	2287.0	2326.0	2442.0	2386.0	2502.0	2670.0	3066.0	3532.0	4363.0	2923.0	3150.0	3284.0	3809.0	5587.0	4631.0	3836.0	4059.0	5949.0	9249.0	50333.0	447834.0
lane7-s665-index--GAAGACCA-ATAGAGAG-SHI-Plate1-A1-5-plexWell96-55_S665_L007_R1_001	2149.0	2204.0	2364.0	2410.0	2527.0	2565.0	2507.0	2532.0	2760.0	2802.0	2726.0	2843.0	2907.0	3073.0	3085.0	3118.0	3111.0	3151.0	3399.0	3415.0	3537.0	3743.0	3650.0	3745.0	3930.0	4025.0	4060.0	4298.0	4299.0	4442.0	4677.0	4724.0	4859.0	5128.0	5057.0	5255.0	5353.0	5497.0	5942.0	6158.0	6355.0	6658.0	8291.0	14590.0	89771.0	823121.0
lane7-s666-index--CAGAAGCG-ATAGAGAG-Mock-1-plexWell96-56_S666_L007_R1_001	1131.0	1243.0	1383.0	1544.0	1570.0	1705.0	1863.0	1983.0	2082.0	2221.0	2325.0	2299.0	2432.0	2517.0	2559.0	2759.0	2805.0	3063.0	3011.0	3174.0	3379.0	3303.0	3471.0	3634.0	3695.0	3961.0	3909.0	4022.0	4016.0	4158.0	4547.0	4977.0	6138.0	8109.0	4878.0	5281.0	5430.0	6334.0	9496.0	7375.0	6193.0	7032.0	9907.0	15994.0	72935.0	602930.0
lane7-s667-index--AGCTCTAC-ATAGAGAG-Mock-2-plexWell96-57_S667_L007_R1_001	264.0	255.0	327.0	345.0	386.0	432.0	425.0	516.0	488.0	525.0	554.0	572.0	587.0	631.0	645.0	600.0	640.0	697.0	761.0	723.0	700.0	726.0	840.0	906.0	818.0	877.0	854.0	934.0	980.0	927.0	1027.0	1041.0	1173.0	1278.0	1188.0	1131.0	1116.0	1225.0	1563.0	1568.0	1336.0	1345.0	1706.0	2458.0	11844.0	103760.0
lane7-s668-index--CCACTACT-ATAGAGAG-Mock-3-plexWell96-58_S668_L007_R1_001	1245.0	1392.0	1525.0	1663.0	1684.0	1741.0	1949.0	2059.0	2192.0	2254.0	2389.0	2497.0	2560.0	2668.0	2672.0	2819.0	2826.0	3038.0	3044.0	3130.0	3220.0	3282.0	3407.0	3547.0	3763.0	3724.0	3820.0	3866.0	4082.0	4028.0	4242.0	4582.0	5379.0	6189.0	4697.0	4806.0	4977.0	5601.0	8274.0	6742.0	5757.0	6093.0	8282.0	12368.0	57960.0	523833.0
lane7-s669-index--GACCTACA-ATAGAGAG-Mock-4-plexWell96-59_S669_L007_R1_001	644.0	766.0	922.0	950.0	1029.0	1131.0	1192.0	1299.0	1336.0	1434.0	1496.0	1458.0	1602.0	1704.0	1778.0	1701.0	1817.0	1969.0	2090.0	2133.0	1988.0	2138.0	2173.0	2388.0	2395.0	2363.0	2514.0	2657.0	2746.0	2726.0	2786.0	2761.0	3122.0	3478.0	3172.0	3293.0	3216.0	3648.0	5490.0	4444.0	3470.0	3772.0	5484.0	7950.0	28991.0	258320.0
lane7-s670-index--CACGTCCG-ATAGAGAG-Mock-5-plexWell96-60_S670_L007_R1_001	2215.0	2455.0	2563.0	2877.0	2967.0	3185.0	3398.0	3544.0	3573.0	3836.0	4029.0	4072.0	4303.0	4556.0	4582.0	4731.0	4800.0	5058.0	5180.0	5319.0	5414.0	5719.0	5915.0	6087.0	6213.0	6399.0	6792.0	6747.0	7118.0	7056.0	7379.0	8000.0	9020.0	10275.0	8610.0	8579.0	8760.0	9660.0	12506.0	10853.0	10252.0	11161.0	14685.0	24072.0	131599.0	1149241.0
