Sample	FastQC_mqc-generalstats-fastqc-percent_duplicates	FastQC_mqc-generalstats-fastqc-avg_sequence_length	FastQC_mqc-generalstats-fastqc-total_sequences	FastQC_mqc-generalstats-fastqc-percent_fails	FastQC_mqc-generalstats-fastqc-percent_gc
lane7-s014-indexRPI2-CGATGT-YZ5-1-NEXTFLEXRapidXP_S14_L007_R1_001	3.36945639135	148.775988021	3010714.0	8.33333333333	46.0
lane7-s015-indexRPI4-TGACCA-YZ5-2-NEXTFLEXRapidXP_S15_L007_R1_001	3.22964602343	148.522659431	3398607.0	8.33333333333	46.0
lane7-s016-indexRPI5-ACAGTG-YZ5-3-NEXTFLEXRapidXP_S16_L007_R1_001	2.94712327769	148.706105203	2300153.0	8.33333333333	46.0
lane7-s017-indexRPI6-GCCAAT-YZ5-4-NEXTFLEXRapidXP_S17_L007_R1_001	3.12686384981	147.726503035	2196273.0	8.33333333333	46.0
lane7-s018-indexRPI7-CAGATC-YZ5-5-NEXTFLEXRapidXP_S18_L007_R1_001	2.46347680573	146.198468158	2282220.0	8.33333333333	46.0
lane7-s019-indexRPI12-CTTGTA-ACR-134-1-NEXTFLEXRapidXP_S19_L007_R1_001	4.9480637802	148.370784649	776003.0	16.6666666667	39.0
lane7-s020-indexRPI1-ATCACG-ACR-134-2-NEXTFLEXRapidXP_S20_L007_R1_001	4.72894808007	148.750564896	606306.0	16.6666666667	38.0
lane7-s021-index-TTAGGC-ACR-134-3-NEXTFLEXRapidXP_S21_L007_R1_001	4.50473416125	148.1083598	682947.0	16.6666666667	39.0
lane7-s022-indexRPI8-ACTTGA-ACR-134-4-NEXTFLEXRapidXP_S22_L007_R1_001	4.96998500803	146.937324313	556388.0	16.6666666667	39.0
lane7-s023-indexRPI9-GATCAG-ACR-134-5-NEXTFLEXRapidXP_S23_L007_R1_001	4.33096226529	147.899176631	687420.0	16.6666666667	39.0
lane7-s024-indexRPI10-TAGCTT-SHI-Plate1-A1-1-NEXTFLEXRapidXP_S24_L007_R1_001	2.75070430054	147.876319126	4321897.0	25.0	61.0
lane7-s025-indexRPI11-GGCTAC-SHI-Plate1-A1-2-NEXTFLEXRapidXP_S25_L007_R1_001	2.57273825129	148.400798652	3390211.0	25.0	61.0
lane7-s026-indexRPI25-ACTGAT-SHI-Plate1-A1-3-NEXTFLEXRapidXP_S26_L007_R1_001	2.79007237102	147.963088614	3867262.0	25.0	61.0
lane7-s027-indexRPI26-ATGAGC-SHI-Plate1-A1-4-NEXTFLEXRapidXP_S27_L007_R1_001	2.35681320521	147.877208783	2750213.0	25.0	61.0
lane7-s028-indexRPI27-ATTCCT-SHI-Plate1-A1-5-NEXTFLEXRapidXP_S28_L007_R1_001	2.07994959386	146.908776497	3499175.0	25.0	61.0
lane7-s029-indexRPI28-CAAAAG-Mock-1-NEXTFLEXRapidXP_S29_L007_R1_001	4.12995793498	149.07014932	3050892.0	16.6666666667	48.0
lane7-s030-indexRPI29-CAACTA-Mock-2-NEXTFLEXRapidXP_S30_L007_R1_001	4.49444313388	148.418387012	3574719.0	16.6666666667	48.0
lane7-s031-indexRPI30-CACCGG-Mock-3-NEXTFLEXRapidXP_S31_L007_R1_001	4.29291914858	149.148120715	3357687.0	8.33333333333	48.0
lane7-s032-indexRPI31-CACGAT-Mock-4-NEXTFLEXRapidXP_S32_L007_R1_001	5.12353509058	149.179096667	4171373.0	8.33333333333	48.0
lane7-s033-indexRPI32-CACTCA-Mock-5-NEXTFLEXRapidXP_S33_L007_R1_001	5.12689454016	148.527171878	4409283.0	16.6666666667	47.0
lane7-s097-index-TTGGAATG-YZ5-1-plexWell96-1_S97_L007_R1_001	3.29050431595	140.642758601	425491.0	8.33333333333	46.0
lane7-s098-index-GGGACAAC-YZ5-2-plexWell96-2_S98_L007_R1_001	3.18749246954	140.681276646	550035.0	8.33333333333	46.0
lane7-s099-index-GCTGGATC-YZ5-3-plexWell96-3_S99_L007_R1_001	3.40256297545	140.954198073	647964.0	8.33333333333	46.0
lane7-s100-index-ACACTCAA-YZ5-4-plexWell96-4_S100_L007_R1_001	3.14635645372	139.925726053	309826.0	8.33333333333	46.0
lane7-s101-index-ACTAGCTA-YZ5-5-plexWell96-5_S101_L007_R1_001	3.54849772006	140.551129519	576086.0	16.6666666667	46.0
lane7-s102-index-GATGATTG-ACR-134-1-plexWell96-6_S102_L007_R1_001	4.978311194	141.093213543	263127.0	16.6666666667	40.0
lane7-s103-index-GCAATCTT-ACR-134-2-plexWell96-7_S103_L007_R1_001	5.48355397676	141.883865586	246938.0	8.33333333333	40.0
lane7-s104-index-AGAGTGTC-ACR-134-3-plexWell96-8_S104_L007_R1_001	7.20387506088	141.598989115	75973.0	16.6666666667	41.0
lane7-s105-index-TTAATGCG-ACR-134-4-plexWell96-9_S105_L007_R1_001	8.84790891217	139.766976958	154371.0	8.33333333333	40.0
lane7-s106-index-TCCTATAT-ACR-134-5-plexWell96-10_S106_L007_R1_001	5.85194406517	142.343101013	336245.0	8.33333333333	40.0
lane7-s107-index-CCATATCC-SHI-Plate1-A1-1-plexWell96-11_S107_L007_R1_001	3.09035378163	143.497224428	1137243.0	16.6666666667	60.0
lane7-s108-index-AGCCGACG-SHI-Plate1-A1-2-plexWell96-12_S108_L007_R1_001	3.61607663318	142.684501305	376122.0	16.6666666667	60.0
lane7-s109-index-CGAATTCA-SHI-Plate1-A1-3-plexWell96-13_S109_L007_R1_001	3.11615039013	143.677588967	660331.0	16.6666666667	60.0
lane7-s110-index-GTCAGACC-SHI-Plate1-A1-4-plexWell96-14_S110_L007_R1_001	3.1929201862	143.551416569	923146.0	16.6666666667	60.0
lane7-s111-index-CATTGCCT-SHI-Plate1-A1-5-plexWell96-15_S111_L007_R1_001	3.56249664858	143.909306514	690237.0	25.0	60.0
lane7-s112-index-TAACCGCA-Mock-1-plexWell96-16_S112_L007_R1_001	4.42701249942	142.580211713	772649.0	16.6666666667	47.0
lane7-s113-index-GCGCGAAG-Mock-2-plexWell96-17_S113_L007_R1_001	3.62819981561	142.397240469	372817.0	8.33333333333	47.0
lane7-s114-index-AACACGTG-Mock-3-plexWell96-18_S114_L007_R1_001	4.57551536815	142.774254976	1095435.0	25.0	47.0
lane7-s115-index-GTAGTCAC-Mock-4-plexWell96-19_S115_L007_R1_001	3.8557020345	141.951322836	799759.0	25.0	47.0
lane7-s116-index-GAGTTCTC-Mock-5-plexWell96-20_S116_L007_R1_001	5.47516288993	144.041801478	2068013.0	16.6666666667	47.0
lane7-s117-index-GTGAGGAA-YZ5-1-plexWell96-21_S117_L007_R1_001	3.59622742552	140.371064332	464216.0	8.33333333333	46.0
lane7-s118-index-GATTCGTA-YZ5-2-plexWell96-22_S118_L007_R1_001	3.36506788126	140.622336084	546470.0	8.33333333333	46.0
lane7-s119-index-GATGCAAT-YZ5-3-plexWell96-23_S119_L007_R1_001	3.60513132723	140.36830221	668728.0	8.33333333333	46.0
lane7-s120-index-ACACGGTT-YZ5-4-plexWell96-24_S120_L007_R1_001	3.46698510431	140.547809268	605437.0	8.33333333333	46.0
lane7-s121-index-GAGGCTGC-YZ5-5-plexWell96-25_S121_L007_R1_001	3.41061757188	140.726472768	1040507.0	16.6666666667	46.0
lane7-s122-index-ACAGTTCG-ACR-134-1-plexWell96-26_S122_L007_R1_001	5.22280641501	141.400817301	229536.0	8.33333333333	40.0
lane7-s123-index-CGGAGATA-ACR-134-2-plexWell96-27_S123_L007_R1_001	5.57116656652	140.143498665	217563.0	8.33333333333	40.0
lane7-s124-index-TCGCCAGC-ACR-134-3-plexWell96-28_S124_L007_R1_001	4.86781534044	141.371420552	313526.0	8.33333333333	40.0
lane7-s125-index-TGCACTGT-ACR-134-4-plexWell96-29_S125_L007_R1_001	10.0039217101	140.29428621	144125.0	16.6666666667	40.0
lane7-s126-index-GTACGCGA-ACR-134-5-plexWell96-30_S126_L007_R1_001	4.70139774195	142.570312815	470917.0	16.6666666667	40.0
lane7-s127-index-CTATCCGG-SHI-Plate1-A1-1-plexWell96-31_S127_L007_R1_001	2.95632760893	143.988317501	1476910.0	16.6666666667	60.0
lane7-s128-index-CTTAGAGT-SHI-Plate1-A1-2-plexWell96-32_S128_L007_R1_001	3.41088815718	143.882404311	1243583.0	25.0	60.0
lane7-s129-index-CAAGGACC-SHI-Plate1-A1-3-plexWell96-33_S129_L007_R1_001	3.12417625493	143.144245738	1496065.0	16.6666666667	60.0
lane7-s130-index-AGACAGAG-SHI-Plate1-A1-4-plexWell96-34_S130_L007_R1_001	4.85282214028	139.457773895	77831.0	16.6666666667	60.0
lane7-s131-index-TCGGATCA-SHI-Plate1-A1-5-plexWell96-35_S131_L007_R1_001	3.70562853398	143.976547235	367462.0	16.6666666667	60.0
lane7-s132-index-TAATGGAC-Mock-1-plexWell96-36_S132_L007_R1_001	4.24244950968	142.600253264	663340.0	16.6666666667	47.0
lane7-s133-index-TAGCAACT-Mock-2-plexWell96-37_S133_L007_R1_001	4.36852243487	142.841783825	757451.0	16.6666666667	47.0
lane7-s134-index-ATAGCACA-Mock-3-plexWell96-38_S134_L007_R1_001	4.04627142986	142.867151849	553331.0	16.6666666667	47.0
lane7-s135-index-ATCAACCG-Mock-4-plexWell96-39_S135_L007_R1_001	3.2573373654	140.339664575	447253.0	16.6666666667	47.0
lane7-s136-index-TTCCTCAT-Mock-5-plexWell96-40_S136_L007_R1_001	6.15543551359	143.538952027	1769664.0	25.0	47.0
lane7-s137-index-AGCTACGT-YZ5-1-plexWell96-41_S137_L007_R1_001	3.35968870403	140.504343374	359398.0	8.33333333333	46.0
lane7-s138-index-ATTCCATC-YZ5-2-plexWell96-42_S138_L007_R1_001	3.15688288696	140.943878163	466984.0	8.33333333333	46.0
lane7-s139-index-GTTGTAGG-YZ5-3-plexWell96-43_S139_L007_R1_001	3.21663668318	140.430639301	471499.0	8.33333333333	46.0
lane7-s140-index-TGTGACTA-YZ5-4-plexWell96-44_S140_L007_R1_001	3.33125187827	140.273209977	464617.0	8.33333333333	46.0
lane7-s141-index-CGAAACGC-YZ5-5-plexWell96-45_S141_L007_R1_001	3.39927694081	140.679716957	709716.0	8.33333333333	46.0
lane7-s142-index-GTGTGATT-ACR-134-1-plexWell96-46_S142_L007_R1_001	5.33336580491	141.567955816	301284.0	8.33333333333	40.0
lane7-s143-index-AGGCTGGA-ACR-134-2-plexWell96-47_S143_L007_R1_001	6.92802036841	140.677525729	65199.0	8.33333333333	41.0
lane7-s144-index-CGTGCTGG-ACR-134-3-plexWell96-48_S144_L007_R1_001	4.79094237742	141.854520314	352929.0	8.33333333333	40.0
lane7-s145-index-AATAGGAT-ACR-134-4-plexWell96-49_S145_L007_R1_001	10.0336085853	140.633160474	189557.0	8.33333333333	40.0
lane7-s146-index-CGTCTGCC-ACR-134-5-plexWell96-50_S146_L007_R1_001	4.99205275288	142.285743717	359189.0	8.33333333333	40.0
lane7-s147-index-GAATCTAG-SHI-Plate1-A1-1-plexWell96-51_S147_L007_R1_001	2.71720743929	143.670018654	974049.0	16.6666666667	60.0
lane7-s148-index-ATGCGTCA-SHI-Plate1-A1-2-plexWell96-52_S148_L007_R1_001	3.25152422933	143.807155919	855292.0	16.6666666667	60.0
lane7-s149-index-GCAAGTAC-SHI-Plate1-A1-3-plexWell96-53_S149_L007_R1_001	3.28512068901	143.940467829	1221558.0	25.0	60.0
lane7-s150-index-ACTGACCT-SHI-Plate1-A1-4-plexWell96-54_S150_L007_R1_001	3.50599795246	143.612658693	674888.0	16.6666666667	60.0
lane7-s151-index-GAAGACCA-SHI-Plate1-A1-5-plexWell96-55_S151_L007_R1_001	3.13928036798	143.897289387	1245733.0	25.0	60.0
lane7-s152-index-CAGAAGCG-Mock-1-plexWell96-56_S152_L007_R1_001	4.32982908069	143.088372189	973270.0	25.0	47.0
lane7-s153-index-AGCTCTAC-Mock-2-plexWell96-57_S153_L007_R1_001	6.19164166258	141.279642872	170471.0	16.6666666667	47.0
lane7-s154-index-CCACTACT-Mock-3-plexWell96-58_S154_L007_R1_001	4.59879580564	142.096594954	827331.0	16.6666666667	46.0
lane7-s155-index-GACCTACA-Mock-4-plexWell96-59_S155_L007_R1_001	2.72244280833	140.544069726	434845.0	16.6666666667	47.0
lane7-s156-index-CACGTCCG-Mock-5-plexWell96-60_S156_L007_R1_001	5.50007682497	143.557923518	1755565.0	25.0	47.0
lane7-s551-index--TAAGGCGA-CTCCTTAC-YZ5-1-NexteraFlex-Full_S551_L007_R1_001	5.86110392831	147.308636489	4703219.0	16.6666666667	45.0
lane7-s552-index--CGTACTAG-TCTTACGC-YZ5-2-NexteraFlex-Full_S552_L007_R1_001	4.64622176754	144.385504324	2631571.0	8.33333333333	45.0
lane7-s553-index--AGGCAGAA-TATGCAGT-YZ5-3-NexteraFlex-Full_S553_L007_R1_001	5.20868999634	146.879038074	2422225.0	16.6666666667	45.0
lane7-s554-index--GGACTCCT-AGAGGATA-YZ5-4-NexteraFlex-Full_S554_L007_R1_001	5.05245468655	147.108269116	2510208.0	8.33333333333	45.0
lane7-s555-index--TAGGCATG-ACTCTAGG-YZ5-5-NexteraFlex-Full_S555_L007_R1_001	4.18242206376	142.756699785	1891889.0	16.6666666667	45.0
lane7-s556-index--CGAGGCTG-TCGCATAA-ACR-134-1-NexteraFlex-Full_S556_L007_R1_001	4.93436208537	146.008356832	554995.0	8.33333333333	38.0
lane7-s557-index--AAGAGGCA-CTAGTCGA-ACR-134-2-NexteraFlex-Full_S557_L007_R1_001	5.30176364059	147.822814108	1046449.0	16.6666666667	38.0
lane7-s558-index--GCTCATGA-ATTAGACG-ACR-134-3-NexteraFlex-Full_S558_L007_R1_001	4.75827526498	147.69359945	965292.0	16.6666666667	38.0
lane7-s559-index--CGTACTAG-TATGCAGT-ACR-134-4-NexteraFlex-Full_S559_L007_R1_001	5.21282796087	146.807446851	1025561.0	8.33333333333	38.0
lane7-s560-index--AGGCAGAA-CTCCTTAC-ACR-134-5-NexteraFlex-Full_S560_L007_R1_001	4.32215499103	143.748761551	1432639.0	16.6666666667	39.0
lane7-s561-index--TAAGGCGA-TCTTACGC-SHI-Plate1-A1-1-NexteraFlex-Full_S561_L007_R1_001	2.46083789865	147.490964448	3036173.0	25.0	59.0
lane7-s562-index--CTCTCTAC-AGAGGATA-SHI-Plate1-A1-2-NexteraFlex-Full_S562_L007_R1_001	2.54778629044	147.196776497	2748687.0	25.0	59.0
lane7-s563-index--GTAGAGGA-ACTCTAGG-SHI-Plate1-A1-3-NexteraFlex-Full_S563_L007_R1_001	2.91978254618	148.272536272	2368859.0	25.0	59.0
lane7-s564-index--AAGAGGCA-ATTAGACG-SHI-Plate1-A1-4-NexteraFlex-Full_S564_L007_R1_001	3.08068681985	148.4966346	3905777.0	25.0	59.0
lane7-s565-index--GCTCATGA-TCGCATAA-SHI-Plate1-A1-5-NexteraFlex-Full_S565_L007_R1_001	2.15804788892	145.336422503	2268139.0	25.0	59.0
lane7-s566-index--CGAGGCTG-CTAGTCGA-Mock-1-NexteraFlex-Full_S566_L007_R1_001	7.1570381606	146.726588908	3359209.0	25.0	45.0
lane7-s567-index--AGGCAGAA-TCTTACGC-Mock-2-NexteraFlex-Full_S567_L007_R1_001	6.91641083051	147.636521357	3278531.0	25.0	46.0
lane7-s568-index--TAAGGCGA-TATGCAGT-Mock-3-NexteraFlex-Full_S568_L007_R1_001	8.6686529433	147.906339208	4737863.0	25.0	45.0
lane7-s569-index--CGTACTAG-CTCCTTAC-Mock-4-NexteraFlex-Full_S569_L007_R1_001	6.37010791829	147.592399539	2216813.0	25.0	46.0
lane7-s570-index--TAGCGCTC-AGAGGATA-Mock-5-NexteraFlex-Full_S570_L007_R1_001	8.51437449787	138.672283689	6804910.0	25.0	45.0
lane7-s571-index--GGACTCCT-CTCCTTAC-YZ5-1-NexteraFlex-Reduced_S571_L007_R1_001	2.61372947923	130.239547304	2302827.0	8.33333333333	44.0
lane7-s572-index--CTCTCTAC-TCTTACGC-YZ5-2-NexteraFlex-Reduced_S572_L007_R1_001	2.62975335627	129.5786769	2541788.0	8.33333333333	44.0
lane7-s573-index--TAGCGCTC-TATGCAGT-YZ5-3-NexteraFlex-Reduced_S573_L007_R1_001	2.38289584406	129.478217568	1951917.0	16.6666666667	44.0
lane7-s574-index--TAGGCATG-AGAGGATA-YZ5-4-NexteraFlex-Reduced_S574_L007_R1_001	2.30876101328	128.861107569	2227148.0	16.6666666667	44.0
lane7-s575-index--CGAGGCTG-ACTCTAGG-YZ5-5-NexteraFlex-Reduced_S575_L007_R1_001	2.94681372864	132.080859959	4160848.0	16.6666666667	43.0
lane7-s576-index--TAAGGCGA-TCGCATAA-ACR-134-1-NexteraFlex-Reduced_S576_L007_R1_001	3.99257124191	137.62905553	755450.0	8.33333333333	38.0
lane7-s577-index--CGTACTAG-CTAGTCGA-ACR-134-2-NexteraFlex-Reduced_S577_L007_R1_001	3.94200293999	137.517843787	798177.0	8.33333333333	38.0
lane7-s578-index--AGGCAGAA-ATTAGACG-ACR-134-3-NexteraFlex-Reduced_S578_L007_R1_001	3.81688590174	136.894556201	1008395.0	8.33333333333	38.0
lane7-s579-index--CTCTCTAC-TATGCAGT-ACR-134-4-NexteraFlex-Reduced_S579_L007_R1_001	3.83247277975	135.017029553	1098737.0	8.33333333333	38.0
lane7-s580-index--TAGCGCTC-CTCCTTAC-ACR-134-5-NexteraFlex-Reduced_S580_L007_R1_001	4.03817221649	140.243570973	1356426.0	16.6666666667	38.0
lane7-s581-index--GGACTCCT-TCTTACGC-SHI-Plate1-A1-1-NexteraFlex-Reduced_S581_L007_R1_001	2.83131382047	141.605717531	3518092.0	25.0	57.0
lane7-s582-index--GTAGAGGA-AGAGGATA-SHI-Plate1-A1-2-NexteraFlex-Reduced_S582_L007_R1_001	2.30628200353	139.445003027	4409379.0	25.0	57.0
lane7-s583-index--AAGAGGCA-ACTCTAGG-SHI-Plate1-A1-3-NexteraFlex-Reduced_S583_L007_R1_001	2.53849862755	140.690699779	3431682.0	16.6666666667	57.0
lane7-s584-index--CGTACTAG-ATTAGACG-SHI-Plate1-A1-4-NexteraFlex-Reduced_S584_L007_R1_001	2.35700734217	138.634243527	2029312.0	25.0	57.0
lane7-s585-index--AGGCAGAA-TCGCATAA-SHI-Plate1-A1-5-NexteraFlex-Reduced_S585_L007_R1_001	2.58956815207	142.021752256	3862312.0	25.0	57.0
lane7-s586-index--TAAGGCGA-CTAGTCGA-Mock-1-NexteraFlex-Reduced_S586_L007_R1_001	6.68183561832	140.489142918	3886864.0	25.0	43.0
lane7-s587-index--CGGAGCCT-ACTCTAGG-Mock-2-NexteraFlex-Reduced_S587_L007_R1_001	7.24912518738	140.74330238	4268158.0	25.0	43.0
lane7-s588-index--GCTCATGA-CTAGTCGA-Mock-3-NexteraFlex-Reduced_S588_L007_R1_001	5.90401090171	140.501300516	3074164.0	25.0	43.0
lane7-s589-index--CGAGGCTG-ATTAGACG-Mock-4-NexteraFlex-Reduced_S589_L007_R1_001	5.76617705922	139.904915206	2757728.0	25.0	43.0
lane7-s590-index--AAGAGGCA-TCGCATAA-Mock-5-NexteraFlex-Reduced_S590_L007_R1_001	6.8674128419	141.488630649	4034399.0	25.0	43.0
lane7-s591-index--ATTACTCG-AGGCTATA-YZ5-1-QIAseqFX_S591_L007_R1_001	2.44011312737	141.097650099	2783479.0	8.33333333333	46.0
lane7-s592-index--ATTACTCG-GCCTCTAT-YZ5-2-QIAseqFX_S592_L007_R1_001	2.54152904818	141.283794384	2877305.0	8.33333333333	46.0
lane7-s593-index--ATTACTCG-AGGATAGG-YZ5-3-QIAseqFX_S593_L007_R1_001	2.40965346223	142.120329081	2568606.0	8.33333333333	46.0
lane7-s594-index--ATTACTCG-TCAGAGCC-YZ5-4-QIAseqFX_S594_L007_R1_001	2.65731182366	143.210322463	2615151.0	8.33333333333	46.0
lane7-s595-index--ATTACTCG-CTTCGCCT-YZ5-5-QIAseqFX_S595_L007_R1_001	2.17147216408	142.739512308	1798799.0	8.33333333333	46.0
lane7-s596-index--ATTACTCG-TAAGATTA-ACR-134-1-QIAseqFX_S596_L007_R1_001	3.67553546079	143.462099919	872043.0	16.6666666667	38.0
lane7-s597-index--ATTACTCG-ACGTCCTG-ACR-134-2-QIAseqFX_S597_L007_R1_001	3.69308825582	144.1707793	775375.0	8.33333333333	38.0
lane7-s598-index--ATTACTCG-GTCAGTAC-ACR-134-3-QIAseqFX_S598_L007_R1_001	36.1177483327	140.175103425	434132.0	25.0	38.0
lane7-s599-index--TCCGGAGA-AGGCTATA-ACR-134-4-QIAseqFX_S599_L007_R1_001	3.78264935894	138.031086773	894271.0	16.6666666667	39.0
lane7-s600-index--TCCGGAGA-GCCTCTAT-ACR-134-5-QIAseqFX_S600_L007_R1_001	3.60059719875	141.767803002	1157698.0	8.33333333333	39.0
lane7-s601-index--TCCGGAGA-AGGATAGG-SHI-Plate1-A1-1-QIAseqFX_S601_L007_R1_001	1.81416446628	143.6467758	2955477.0	25.0	60.0
lane7-s602-index--TCCGGAGA-TCAGAGCC-SHI-Plate1-A1-2-QIAseqFX_S602_L007_R1_001	1.98434000994	143.551738315	5119871.0	25.0	60.0
lane7-s603-index--TCCGGAGA-CTTCGCCT-SHI-Plate1-A1-3-QIAseqFX_S603_L007_R1_001	1.97108880147	142.944329909	3661176.0	25.0	60.0
lane7-s604-index--TCCGGAGA-TAAGATTA-SHI-Plate1-A1-4-QIAseqFX_S604_L007_R1_001	1.88475131966	143.545034258	1340857.0	25.0	60.0
lane7-s605-index--TCCGGAGA-ACGTCCTG-SHI-Plate1-A1-5-QIAseqFX_S605_L007_R1_001	1.6827978924	143.110333197	3331989.0	25.0	60.0
lane7-s606-index--TCCGGAGA-GTCAGTAC-Mock-1-QIAseqFX_S606_L007_R1_001	4.01673238846	143.988646558	3150058.0	16.6666666667	46.0
lane7-s607-index--CGCTCATT-AGGCTATA-Mock-2-QIAseqFX_S607_L007_R1_001	3.80811052309	144.030512956	3119724.0	16.6666666667	47.0
lane7-s608-index--CGCTCATT-GCCTCTAT-Mock-3-rd2-QIAseqFX_S608_L007_R1_001	3.45146900888	143.10592363	2534392.0	16.6666666667	46.0
lane7-s609-index--CGCTCATT-AGGATAGG-Mock-4-rd2-QIAseqFX_S609_L007_R1_001	3.66634523577	144.765074283	2717791.0	16.6666666667	47.0
lane7-s610-index--CGCTCATT-TCAGAGCC-Mock-5-QIAseqFX_S610_L007_R1_001	3.48509839283	143.161620569	2608022.0	16.6666666667	46.0
lane7-s611-index--TTGGAATG-ATAGAGAG-YZ5-1-plexWell96-1_S611_L007_R1_001	3.06178060205	140.261738262	373373.0	8.33333333333	46.0
lane7-s612-index--GGGACAAC-ATAGAGAG-YZ5-2-plexWell96-2_S612_L007_R1_001	2.75302572716	140.130039969	470117.0	8.33333333333	46.0
lane7-s613-index--GCTGGATC-ATAGAGAG-YZ5-3-plexWell96-3_S613_L007_R1_001	3.08250390209	140.582390701	567825.0	8.33333333333	46.0
lane7-s614-index--ACACTCAA-ATAGAGAG-YZ5-4-plexWell96-4_S614_L007_R1_001	3.05219913351	139.794063166	281261.0	8.33333333333	46.0
lane7-s615-index--ACTAGCTA-ATAGAGAG-YZ5-5-plexWell96-5_S615_L007_R1_001	3.39764087627	140.431724551	524061.0	8.33333333333	46.0
lane7-s616-index--GATGATTG-ATAGAGAG-ACR-134-1-plexWell96-6_S616_L007_R1_001	4.92802259566	141.00680941	231885.0	8.33333333333	40.0
lane7-s617-index--GCAATCTT-ATAGAGAG-ACR-134-2-plexWell96-7_S617_L007_R1_001	5.52694089638	141.986993988	224204.0	8.33333333333	40.0
lane7-s618-index--AGAGTGTC-ATAGAGAG-ACR-134-3-plexWell96-8_S618_L007_R1_001	6.86277455605	141.544094228	66562.0	16.6666666667	41.0
lane7-s619-index--TTAATGCG-ATAGAGAG-ACR-134-4-plexWell96-9_S619_L007_R1_001	9.0304954677	139.771474703	138733.0	8.33333333333	40.0
lane7-s620-index--TCCTATAT-ATAGAGAG-ACR-134-5-plexWell96-10_S620_L007_R1_001	5.9052705442	142.46966309	307233.0	8.33333333333	40.0
lane7-s621-index--CCATATCC-ATAGAGAG-SHI-Plate1-A1-1-plexWell96-11_S621_L007_R1_001	2.72039143027	143.127723048	982814.0	25.0	60.0
lane7-s622-index--AGCCGACG-ATAGAGAG-SHI-Plate1-A1-2-plexWell96-12_S622_L007_R1_001	3.48497604302	142.501726026	336901.0	16.6666666667	60.0
lane7-s623-index--CGAATTCA-ATAGAGAG-SHI-Plate1-A1-3-plexWell96-13_S623_L007_R1_001	2.98456714852	143.527131874	592753.0	16.6666666667	60.0
lane7-s624-index--GTCAGACC-ATAGAGAG-SHI-Plate1-A1-4-plexWell96-14_S624_L007_R1_001	2.87242116956	143.315777172	812896.0	16.6666666667	60.0
lane7-s625-index--CATTGCCT-ATAGAGAG-SHI-Plate1-A1-5-plexWell96-15_S625_L007_R1_001	3.49958747762	143.834964177	628918.0	25.0	60.0
lane7-s626-index--TAACCGCA-ATAGAGAG-Mock-1-plexWell96-16_S626_L007_R1_001	4.02187289409	142.334121484	684302.0	16.6666666667	46.0
lane7-s627-index--GCGCGAAG-ATAGAGAG-Mock-2-plexWell96-17_S627_L007_R1_001	3.30847711295	141.973348171	319903.0	16.6666666667	47.0
lane7-s628-index--AACACGTG-ATAGAGAG-Mock-3-plexWell96-18_S628_L007_R1_001	3.81733351309	141.901543237	883921.0	25.0	46.0
lane7-s629-index--GTAGTCAC-ATAGAGAG-Mock-4-plexWell96-19_S629_L007_R1_001	3.49214789165	141.584764735	698616.0	25.0	47.0
lane7-s630-index--GAGTTCTC-ATAGAGAG-Mock-5-plexWell96-20_S630_L007_R1_001	5.11526088593	143.698745378	1788746.0	25.0	47.0
lane7-s631-index--GTGAGGAA-ATAGAGAG-YZ5-1-plexWell96-21_S631_L007_R1_001	3.41005983312	140.111703378	412539.0	8.33333333333	46.0
lane7-s632-index--GATTCGTA-ATAGAGAG-YZ5-2-plexWell96-22_S632_L007_R1_001	3.17856901316	140.477837877	495846.0	8.33333333333	46.0
lane7-s633-index--GATGCAAT-ATAGAGAG-YZ5-3-plexWell96-23_S633_L007_R1_001	3.50062815875	140.301715543	612809.0	8.33333333333	46.0
lane7-s634-index--ACACGGTT-ATAGAGAG-YZ5-4-plexWell96-24_S634_L007_R1_001	3.32744899392	140.421979182	549520.0	8.33333333333	46.0
lane7-s635-index--GAGGCTGC-ATAGAGAG-YZ5-5-plexWell96-25_S635_L007_R1_001	3.11615860942	140.193561179	892679.0	8.33333333333	46.0
lane7-s636-index--ACAGTTCG-ATAGAGAG-ACR-134-1-plexWell96-26_S636_L007_R1_001	5.2214174754	141.491830888	206632.0	8.33333333333	40.0
lane7-s637-index--CGGAGATA-ATAGAGAG-ACR-134-2-plexWell96-27_S637_L007_R1_001	10.3727734249	140.110045115	194393.0	8.33333333333	40.0
lane7-s638-index--TCGCCAGC-ATAGAGAG-ACR-134-3-plexWell96-28_S638_L007_R1_001	4.87205527974	141.127647914	262754.0	8.33333333333	39.0
lane7-s639-index--TGCACTGT-ATAGAGAG-ACR-134-4-plexWell96-29_S639_L007_R1_001	9.54206705536	140.364746973	129986.0	8.33333333333	40.0
lane7-s640-index--GTACGCGA-ATAGAGAG-ACR-134-5-plexWell96-30_S640_L007_R1_001	4.68523149268	142.572951433	418573.0	16.6666666667	39.0
lane7-s641-index--CTATCCGG-ATAGAGAG-SHI-Plate1-A1-1-plexWell96-31_S641_L007_R1_001	2.50074324229	143.502351405	1241173.0	25.0	60.0
lane7-s642-index--CTTAGAGT-ATAGAGAG-SHI-Plate1-A1-2-plexWell96-32_S642_L007_R1_001	3.31208324197	143.792821045	1129468.0	16.6666666667	60.0
lane7-s643-index--CAAGGACC-ATAGAGAG-SHI-Plate1-A1-3-plexWell96-33_S643_L007_R1_001	2.68358476383	142.682074912	1268931.0	25.0	60.0
lane7-s644-index--AGACAGAG-ATAGAGAG-SHI-Plate1-A1-4-plexWell96-34_S644_L007_R1_001	4.15823613425	138.925672459	67216.0	16.6666666667	60.0
lane7-s645-index--TCGGATCA-ATAGAGAG-SHI-Plate1-A1-5-plexWell96-35_S645_L007_R1_001	3.45704864611	143.729230217	323234.0	16.6666666667	60.0
lane7-s646-index--TAATGGAC-ATAGAGAG-Mock-1-plexWell96-36_S646_L007_R1_001	3.8930814056	142.316982305	585427.0	25.0	47.0
lane7-s647-index--TAGCAACT-ATAGAGAG-Mock-2-plexWell96-37_S647_L007_R1_001	4.17061942998	142.759211199	688944.0	25.0	47.0
lane7-s648-index--ATAGCACA-ATAGAGAG-Mock-3-plexWell96-38_S648_L007_R1_001	3.79529372916	142.732245318	499319.0	16.6666666667	46.0
lane7-s649-index--ATCAACCG-ATAGAGAG-Mock-4-plexWell96-39_S649_L007_R1_001	3.14110204856	140.200541925	406329.0	16.6666666667	47.0
lane7-s650-index--TTCCTCAT-ATAGAGAG-Mock-5-plexWell96-40_S650_L007_R1_001	5.92397986957	143.506021094	1625203.0	25.0	47.0
lane7-s651-index--AGCTACGT-ATAGAGAG-YZ5-1-plexWell96-41_S651_L007_R1_001	3.30957370081	140.413850155	327592.0	8.33333333333	46.0
lane7-s652-index--ATTCCATC-ATAGAGAG-YZ5-2-plexWell96-42_S652_L007_R1_001	2.97781849103	140.647444849	414633.0	8.33333333333	46.0
lane7-s653-index--GTTGTAGG-ATAGAGAG-YZ5-3-plexWell96-43_S653_L007_R1_001	2.92694730087	139.97241026	409935.0	8.33333333333	46.0
lane7-s654-index--TGTGACTA-ATAGAGAG-YZ5-4-plexWell96-44_S654_L007_R1_001	3.1892265901	140.093827172	419921.0	8.33333333333	46.0
lane7-s655-index--CGAAACGC-ATAGAGAG-YZ5-5-plexWell96-45_S655_L007_R1_001	3.04376241194	140.356011431	625317.0	16.6666666667	46.0
lane7-s656-index--GTGTGATT-ATAGAGAG-ACR-134-1-plexWell96-46_S656_L007_R1_001	5.49984295767	141.619020683	272251.0	8.33333333333	40.0
lane7-s657-index--AGGCTGGA-ATAGAGAG-ACR-134-2-plexWell96-47_S657_L007_R1_001	6.52573368567	140.586878533	57143.0	8.33333333333	41.0
lane7-s658-index--CGTGCTGG-ATAGAGAG-ACR-134-3-plexWell96-48_S658_L007_R1_001	4.64360205024	141.615444057	298937.0	8.33333333333	40.0
lane7-s659-index--AATAGGAT-ATAGAGAG-ACR-134-4-plexWell96-49_S659_L007_R1_001	9.43960285544	140.732025306	171658.0	8.33333333333	40.0
lane7-s660-index--CGTCTGCC-ATAGAGAG-ACR-134-5-plexWell96-50_S660_L007_R1_001	5.11427198144	142.170089433	310178.0	8.33333333333	39.0
lane7-s661-index--GAATCTAG-ATAGAGAG-SHI-Plate1-A1-1-plexWell96-51_S661_L007_R1_001	2.50264831644	143.395729268	854233.0	16.6666666667	60.0
lane7-s662-index--ATGCGTCA-ATAGAGAG-SHI-Plate1-A1-2-plexWell96-52_S662_L007_R1_001	3.04209253902	143.665196963	767048.0	16.6666666667	60.0
lane7-s663-index--GCAAGTAC-ATAGAGAG-SHI-Plate1-A1-3-plexWell96-53_S663_L007_R1_001	2.94966973955	143.636063103	1061750.0	16.6666666667	60.0
lane7-s664-index--ACTGACCT-ATAGAGAG-SHI-Plate1-A1-4-plexWell96-54_S664_L007_R1_001	3.42945168536	143.520612233	610487.0	16.6666666667	60.0
lane7-s665-index--GAAGACCA-ATAGAGAG-SHI-Plate1-A1-5-plexWell96-55_S665_L007_R1_001	2.85131955305	143.649513636	1096813.0	16.6666666667	60.0
lane7-s666-index--CAGAAGCG-ATAGAGAG-Mock-1-plexWell96-56_S666_L007_R1_001	4.17698729746	142.85466823	858773.0	25.0	47.0
lane7-s667-index--AGCTCTAC-ATAGAGAG-Mock-2-plexWell96-57_S667_L007_R1_001	5.55366723922	141.096464403	153694.0	16.6666666667	46.0
lane7-s668-index--CCACTACT-ATAGAGAG-Mock-3-plexWell96-58_S668_L007_R1_001	4.46421572245	141.993855304	751868.0	16.6666666667	46.0
lane7-s669-index--GACCTACA-ATAGAGAG-Mock-4-plexWell96-59_S669_L007_R1_001	2.67390960348	140.421103411	395936.0	25.0	47.0
lane7-s670-index--CACGTCCG-ATAGAGAG-Mock-5-plexWell96-60_S670_L007_R1_001	5.18751796261	143.407046666	1575355.0	25.0	47.0
